1471815907,"{""mysql_table_scans_pct"":0.30434146484204,""mysql_deadlocks"":""0"",""mysql_wait_locks"":""0"",""mysql_current_locks"":""0"",""mysql_total_locks"":""0"",""mysql_lock_time_avg"":""0"",""mysql_lock_time_max"":""0"",""mysql_select_scans"":""122"",""mysql_sort_scans"":""97"",""mysql_join_scans"":""0"",""sys_load_avg"":1.13,""sys_memory_used"":1155.5,""sys_memory_used_buffers"":100.55078125,""sys_memory_used_cache"":389.59765625,""sys_memory_swap_used"":0,""sys_memory_swap_used_cache"":0,""fpm_listen_queue"":""0"",""fpm_listen_queue_length"":""128"",""fpm_total_processes"":""3"",""fpm_active_processes"":""3""}"
1471815912,"{""mysql_table_scans_pct"":0.28085289217016,""mysql_deadlocks"":""0"",""mysql_wait_locks"":""0"",""mysql_current_locks"":""0"",""mysql_total_locks"":""0"",""mysql_lock_time_avg"":""0"",""mysql_lock_time_max"":""0"",""mysql_select_scans"":""328"",""mysql_sort_scans"":""518"",""mysql_join_scans"":""0"",""sys_load_avg"":1.2,""sys_memory_used"":1333.171875,""sys_memory_used_buffers"":134.203125,""sys_memory_used_cache"":399.67578125,""sys_memory_swap_used"":0,""sys_memory_swap_used_cache"":0,""fpm_listen_queue"":""0"",""fpm_listen_queue_length"":""128"",""fpm_total_processes"":""6"",""fpm_active_processes"":""6""}"
1471815917,"{""mysql_table_scans_pct"":0.2638732027524,""mysql_deadlocks"":""0"",""mysql_wait_locks"":""0"",""mysql_current_locks"":""0"",""mysql_total_locks"":""0"",""mysql_lock_time_avg"":""0"",""mysql_lock_time_max"":""0"",""mysql_select_scans"":""667"",""mysql_sort_scans"":""1326"",""mysql_join_scans"":""0"",""sys_load_avg"":1.5,""sys_memory_used"":1463.8203125,""sys_memory_used_buffers"":147.4296875,""sys_memory_used_cache"":407.4921875,""sys_memory_swap_used"":0,""sys_memory_swap_used_cache"":0,""fpm_listen_queue"":""0"",""fpm_listen_queue_length"":""128"",""fpm_total_processes"":""7"",""fpm_active_processes"":""5""}"
1471815922,"{""mysql_table_scans_pct"":0.26316085273038,""mysql_deadlocks"":""0"",""mysql_wait_locks"":""0"",""mysql_current_locks"":""0"",""mysql_total_locks"":""0"",""mysql_lock_time_avg"":""0"",""mysql_lock_time_max"":""0"",""mysql_select_scans"":""1073"",""mysql_sort_scans"":""2205"",""mysql_join_scans"":""0"",""sys_load_avg"":2.02,""sys_memory_used"":1600.42578125,""sys_memory_used_buffers"":152.94140625,""sys_memory_used_cache"":416.19140625,""sys_memory_swap_used"":0,""sys_memory_swap_used_cache"":0,""fpm_listen_queue"":""2"",""fpm_listen_queue_length"":""128"",""fpm_total_processes"":""9"",""fpm_active_processes"":""8""}"
1471815927,"{""mysql_table_scans_pct"":0.26539298529464,""mysql_deadlocks"":""0"",""mysql_wait_locks"":""0"",""mysql_current_locks"":""0"",""mysql_total_locks"":""0"",""mysql_lock_time_avg"":""0"",""mysql_lock_time_max"":""0"",""mysql_select_scans"":""1383"",""mysql_sort_scans"":""2996"",""mysql_join_scans"":""1"",""sys_load_avg"":2.1,""sys_memory_used"":1683.3359375,""sys_memory_used_buffers"":156.4375,""sys_memory_used_cache"":431.375,""sys_memory_swap_used"":0,""sys_memory_swap_used_cache"":0,""fpm_listen_queue"":""0"",""fpm_listen_queue_length"":""128"",""fpm_total_processes"":""12"",""fpm_active_processes"":""11""}"
1471815932,"{""mysql_table_scans_pct"":0.26627706816211,""mysql_deadlocks"":""0"",""mysql_wait_locks"":""0"",""mysql_current_locks"":""0"",""mysql_total_locks"":""0"",""mysql_lock_time_avg"":""0"",""mysql_lock_time_max"":""0"",""mysql_select_scans"":""1771"",""mysql_sort_scans"":""3913"",""mysql_join_scans"":""2"",""sys_load_avg"":3.06,""sys_memory_used"":1831.53125,""sys_memory_used_buffers"":159.50390625,""sys_memory_used_cache"":441.6796875,""sys_memory_swap_used"":0,""sys_memory_swap_used_cache"":0,""fpm_listen_queue"":""0"",""fpm_listen_queue_length"":""128"",""fpm_total_processes"":""15"",""fpm_active_processes"":""13""}"
1471815938,"{""mysql_table_scans_pct"":0.26590181005853,""mysql_deadlocks"":""0"",""mysql_wait_locks"":""0"",""mysql_current_locks"":""0"",""mysql_total_locks"":""0"",""mysql_lock_time_avg"":""0"",""mysql_lock_time_max"":""0"",""mysql_select_scans"":""2049"",""mysql_sort_scans"":""4678"",""mysql_join_scans"":""3"",""sys_load_avg"":3.93,""sys_memory_used"":1896.8828125,""sys_memory_used_buffers"":161.80859375,""sys_memory_used_cache"":449.02734375,""sys_memory_swap_used"":0,""sys_memory_swap_used_cache"":0,""fpm_listen_queue"":""2"",""fpm_listen_queue_length"":""128"",""fpm_total_processes"":""15"",""fpm_active_processes"":""15""}"
1471815943,"{""mysql_table_scans_pct"":0.26459161006968,""mysql_deadlocks"":""0"",""mysql_wait_locks"":""0"",""mysql_current_locks"":""0"",""mysql_total_locks"":""0"",""mysql_lock_time_avg"":""0"",""mysql_lock_time_max"":""0"",""mysql_select_scans"":""2336"",""mysql_sort_scans"":""5487"",""mysql_join_scans"":""3"",""sys_load_avg"":4.66,""sys_memory_used"":1978.3984375,""sys_memory_used_buffers"":164.48046875,""sys_memory_used_cache"":462.79296875,""sys_memory_swap_used"":0,""sys_memory_swap_used_cache"":0,""fpm_listen_queue"":""0"",""fpm_listen_queue_length"":""128"",""fpm_total_processes"":""17"",""fpm_active_processes"":""15""}"
1471815948,"{""mysql_table_scans_pct"":0.2639664899276,""mysql_deadlocks"":""0"",""mysql_wait_locks"":""0"",""mysql_current_locks"":""0"",""mysql_total_locks"":""0"",""mysql_lock_time_avg"":""0"",""mysql_lock_time_max"":""0"",""mysql_select_scans"":""2603"",""mysql_sort_scans"":""6287"",""mysql_join_scans"":""5"",""sys_load_avg"":5.49,""sys_memory_used"":1950.6171875,""sys_memory_used_buffers"":166.19921875,""sys_memory_used_cache"":474.80859375,""sys_memory_swap_used"":0,""sys_memory_swap_used_cache"":0,""fpm_listen_queue"":""0"",""fpm_listen_queue_length"":""128"",""fpm_total_processes"":""17"",""fpm_active_processes"":""8""}"
1471815953,"{""mysql_table_scans_pct"":0.26355416873003,""mysql_deadlocks"":""0"",""mysql_wait_locks"":""0"",""mysql_current_locks"":""3"",""mysql_total_locks"":""0"",""mysql_lock_time_avg"":""0"",""mysql_lock_time_max"":""0"",""mysql_select_scans"":""2764"",""mysql_sort_scans"":""6901"",""mysql_join_scans"":""5"",""sys_load_avg"":6.25,""sys_memory_used"":1948.70703125,""sys_memory_used_buffers"":168.1875,""sys_memory_used_cache"":485.66015625,""sys_memory_swap_used"":0,""sys_memory_swap_used_cache"":0,""fpm_listen_queue"":""2"",""fpm_listen_queue_length"":""128"",""fpm_total_processes"":""14"",""fpm_active_processes"":""10""}"
1471815958,"{""mysql_table_scans_pct"":0.26295673785095,""mysql_deadlocks"":""0"",""mysql_wait_locks"":""0"",""mysql_current_locks"":""0"",""mysql_total_locks"":""0"",""mysql_lock_time_avg"":""0"",""mysql_lock_time_max"":""0"",""mysql_select_scans"":""2913"",""mysql_sort_scans"":""7386"",""mysql_join_scans"":""10"",""sys_load_avg"":6.55,""sys_memory_used"":1927.82421875,""sys_memory_used_buffers"":169.296875,""sys_memory_used_cache"":493.75,""sys_memory_swap_used"":0,""sys_memory_swap_used_cache"":0,""fpm_listen_queue"":""0"",""fpm_listen_queue_length"":""128"",""fpm_total_processes"":""13"",""fpm_active_processes"":""9""}"
1471815963,"{""mysql_table_scans_pct"":0.26194653208439,""mysql_deadlocks"":""0"",""mysql_wait_locks"":""0"",""mysql_current_locks"":""0"",""mysql_total_locks"":""0"",""mysql_lock_time_avg"":""0"",""mysql_lock_time_max"":""0"",""mysql_select_scans"":""3061"",""mysql_sort_scans"":""7900"",""mysql_join_scans"":""12"",""sys_load_avg"":7.06,""sys_memory_used"":1988.46484375,""sys_memory_used_buffers"":170.45703125,""sys_memory_used_cache"":502.8828125,""sys_memory_swap_used"":0,""sys_memory_swap_used_cache"":0,""fpm_listen_queue"":""1"",""fpm_listen_queue_length"":""128"",""fpm_total_processes"":""14"",""fpm_active_processes"":""14""}"
1471815968,"{""mysql_table_scans_pct"":0.2613715404682,""mysql_deadlocks"":""0"",""mysql_wait_locks"":""0"",""mysql_current_locks"":""3"",""mysql_total_locks"":""0"",""mysql_lock_time_avg"":""0"",""mysql_lock_time_max"":""0"",""mysql_select_scans"":""3137"",""mysql_sort_scans"":""8337"",""mysql_join_scans"":""15"",""sys_load_avg"":7.62,""sys_memory_used"":1984.74609375,""sys_memory_used_buffers"":171.44140625,""sys_memory_used_cache"":512.27734375,""sys_memory_swap_used"":0,""sys_memory_swap_used_cache"":0,""fpm_listen_queue"":""0"",""fpm_listen_queue_length"":""128"",""fpm_total_processes"":""15"",""fpm_active_processes"":""13""}"
1471815973,"{""mysql_table_scans_pct"":0.26104258439463,""mysql_deadlocks"":""0"",""mysql_wait_locks"":""0"",""mysql_current_locks"":""0"",""mysql_total_locks"":""0"",""mysql_lock_time_avg"":""0"",""mysql_lock_time_max"":""0"",""mysql_select_scans"":""3237"",""mysql_sort_scans"":""8763"",""mysql_join_scans"":""16"",""sys_load_avg"":7.65,""sys_memory_used"":2022.7265625,""sys_memory_used_buffers"":172.296875,""sys_memory_used_cache"":520.41796875,""sys_memory_swap_used"":0,""sys_memory_swap_used_cache"":0,""fpm_listen_queue"":""1"",""fpm_listen_queue_length"":""128"",""fpm_total_processes"":""14"",""fpm_active_processes"":""14""}"
1471815978,"{""mysql_table_scans_pct"":0.26057036833016,""mysql_deadlocks"":""0"",""mysql_wait_locks"":""0"",""mysql_current_locks"":""1"",""mysql_total_locks"":""0"",""mysql_lock_time_avg"":""0"",""mysql_lock_time_max"":""0"",""mysql_select_scans"":""3310"",""mysql_sort_scans"":""9087"",""mysql_join_scans"":""20"",""sys_load_avg"":8.08,""sys_memory_used"":2045.0078125,""sys_memory_used_buffers"":172.86328125,""sys_memory_used_cache"":525.7890625,""sys_memory_swap_used"":0,""sys_memory_swap_used_cache"":0,""fpm_listen_queue"":""0"",""fpm_listen_queue_length"":""128"",""fpm_total_processes"":""16"",""fpm_active_processes"":""15""}"
1471815984,"{""mysql_table_scans_pct"":0.25993093803245,""mysql_deadlocks"":""0"",""mysql_wait_locks"":""0"",""mysql_current_locks"":""0"",""mysql_total_locks"":""0"",""mysql_lock_time_avg"":""0"",""mysql_lock_time_max"":""0"",""mysql_select_scans"":""3407"",""mysql_sort_scans"":""9524"",""mysql_join_scans"":""23"",""sys_load_avg"":8.23,""sys_memory_used"":2034.2734375,""sys_memory_used_buffers"":173.66796875,""sys_memory_used_cache"":534.38671875,""sys_memory_swap_used"":0,""sys_memory_swap_used_cache"":0,""fpm_listen_queue"":""3"",""fpm_listen_queue_length"":""128"",""fpm_total_processes"":""14"",""fpm_active_processes"":""14""}"
1471815989,"{""mysql_table_scans_pct"":0.25939306520718,""mysql_deadlocks"":""0"",""mysql_wait_locks"":""0"",""mysql_current_locks"":""0"",""mysql_total_locks"":""0"",""mysql_lock_time_avg"":""0"",""mysql_lock_time_max"":""0"",""mysql_select_scans"":""3482"",""mysql_sort_scans"":""9927"",""mysql_join_scans"":""26"",""sys_load_avg"":8.85,""sys_memory_used"":2057.23828125,""sys_memory_used_buffers"":174.59765625,""sys_memory_used_cache"":544.54296875,""sys_memory_swap_used"":0,""sys_memory_swap_used_cache"":0,""fpm_listen_queue"":""0"",""fpm_listen_queue_length"":""128"",""fpm_total_processes"":""14"",""fpm_active_processes"":""13""}"
1471815994,"{""mysql_table_scans_pct"":0.25899394336105,""mysql_deadlocks"":""0"",""mysql_wait_locks"":""0"",""mysql_current_locks"":""0"",""mysql_total_locks"":""0"",""mysql_lock_time_avg"":""0"",""mysql_lock_time_max"":""0"",""mysql_select_scans"":""3556"",""mysql_sort_scans"":""10237"",""mysql_join_scans"":""29"",""sys_load_avg"":8.23,""sys_memory_used"":2057.70703125,""sys_memory_used_buffers"":175.2578125,""sys_memory_used_cache"":552.24609375,""sys_memory_swap_used"":0,""sys_memory_swap_used_cache"":0,""fpm_listen_queue"":""0"",""fpm_listen_queue_length"":""128"",""fpm_total_processes"":""14"",""fpm_active_processes"":""10""}"
1471815999,"{""mysql_table_scans_pct"":0.25850711125438,""mysql_deadlocks"":""0"",""mysql_wait_locks"":""0"",""mysql_current_locks"":""0"",""mysql_total_locks"":""0"",""mysql_lock_time_avg"":""0"",""mysql_lock_time_max"":""0"",""mysql_select_scans"":""3629"",""mysql_sort_scans"":""10572"",""mysql_join_scans"":""32"",""sys_load_avg"":8.77,""sys_memory_used"":2116.19140625,""sys_memory_used_buffers"":175.88671875,""sys_memory_used_cache"":558.76953125,""sys_memory_swap_used"":0,""sys_memory_swap_used_cache"":0,""fpm_listen_queue"":""2"",""fpm_listen_queue_length"":""128"",""fpm_total_processes"":""14"",""fpm_active_processes"":""14""}"
1471816004,"{""mysql_table_scans_pct"":0.25840888259269,""mysql_deadlocks"":""0"",""mysql_wait_locks"":""0"",""mysql_current_locks"":""0"",""mysql_total_locks"":""0"",""mysql_lock_time_avg"":""0"",""mysql_lock_time_max"":""0"",""mysql_select_scans"":""3722"",""mysql_sort_scans"":""10843"",""mysql_join_scans"":""36"",""sys_load_avg"":9.35,""sys_memory_used"":2175.3984375,""sys_memory_used_buffers"":176.23046875,""sys_memory_used_cache"":564.015625,""sys_memory_swap_used"":0,""sys_memory_swap_used_cache"":0,""fpm_listen_queue"":""1"",""fpm_listen_queue_length"":""128"",""fpm_total_processes"":""15"",""fpm_active_processes"":""13""}"
1471816009,"{""mysql_table_scans_pct"":0.25793170900772,""mysql_deadlocks"":""0"",""mysql_wait_locks"":""0"",""mysql_current_locks"":""0"",""mysql_total_locks"":""0"",""mysql_lock_time_avg"":""0"",""mysql_lock_time_max"":""0"",""mysql_select_scans"":""3798"",""mysql_sort_scans"":""11203"",""mysql_join_scans"":""42"",""sys_load_avg"":9.48,""sys_memory_used"":2104.58984375,""sys_memory_used_buffers"":176.58203125,""sys_memory_used_cache"":572.1171875,""sys_memory_swap_used"":0,""sys_memory_swap_used_cache"":0,""fpm_listen_queue"":""0"",""fpm_listen_queue_length"":""128"",""fpm_total_processes"":""14"",""fpm_active_processes"":""13""}"
1471816014,"{""mysql_table_scans_pct"":0.25760384213415,""mysql_deadlocks"":""0"",""mysql_wait_locks"":""0"",""mysql_current_locks"":""0"",""mysql_total_locks"":""0"",""mysql_lock_time_avg"":""0"",""mysql_lock_time_max"":""0"",""mysql_select_scans"":""3864"",""mysql_sort_scans"":""11531"",""mysql_join_scans"":""42"",""sys_load_avg"":9.76,""sys_memory_used"":2081.6640625,""sys_memory_used_buffers"":176.8984375,""sys_memory_used_cache"":579.140625,""sys_memory_swap_used"":0,""sys_memory_swap_used_cache"":0,""fpm_listen_queue"":""0"",""fpm_listen_queue_length"":""128"",""fpm_total_processes"":""13"",""fpm_active_processes"":""7""}"
1471816019,"{""mysql_table_scans_pct"":0.25712226699447,""mysql_deadlocks"":""0"",""mysql_wait_locks"":""0"",""mysql_current_locks"":""0"",""mysql_total_locks"":""0"",""mysql_lock_time_avg"":""0"",""mysql_lock_time_max"":""0"",""mysql_select_scans"":""3932"",""mysql_sort_scans"":""11874"",""mysql_join_scans"":""46"",""sys_load_avg"":10.02,""sys_memory_used"":2128.125,""sys_memory_used_buffers"":177.234375,""sys_memory_used_cache"":586.34375,""sys_memory_swap_used"":0,""sys_memory_swap_used_cache"":0,""fpm_listen_queue"":""0"",""fpm_listen_queue_length"":""128"",""fpm_total_processes"":""13"",""fpm_active_processes"":""9""}"
1471816024,"{""mysql_table_scans_pct"":0.25675583628247,""mysql_deadlocks"":""0"",""mysql_wait_locks"":""0"",""mysql_current_locks"":""0"",""mysql_total_locks"":""0"",""mysql_lock_time_avg"":""0"",""mysql_lock_time_max"":""0"",""mysql_select_scans"":""4009"",""mysql_sort_scans"":""12121"",""mysql_join_scans"":""48"",""sys_load_avg"":10.34,""sys_memory_used"":2135.8515625,""sys_memory_used_buffers"":177.48828125,""sys_memory_used_cache"":592.7734375,""sys_memory_swap_used"":0,""sys_memory_swap_used_cache"":0,""fpm_listen_queue"":""0"",""fpm_listen_queue_length"":""128"",""fpm_total_processes"":""15"",""fpm_active_processes"":""10""}"
1471816029,"{""mysql_table_scans_pct"":0.25640796293863,""mysql_deadlocks"":""0"",""mysql_wait_locks"":""0"",""mysql_current_locks"":""4"",""mysql_total_locks"":""0"",""mysql_lock_time_avg"":""0"",""mysql_lock_time_max"":""0"",""mysql_select_scans"":""4078"",""mysql_sort_scans"":""12444"",""mysql_join_scans"":""49"",""sys_load_avg"":10.63,""sys_memory_used"":2177.83203125,""sys_memory_used_buffers"":177.82421875,""sys_memory_used_cache"":599.37890625,""sys_memory_swap_used"":0,""sys_memory_swap_used_cache"":0,""fpm_listen_queue"":""0"",""fpm_listen_queue_length"":""128"",""fpm_total_processes"":""14"",""fpm_active_processes"":""12""}"
1471816035,"{""mysql_table_scans_pct"":0.25602874167543,""mysql_deadlocks"":""0"",""mysql_wait_locks"":""0"",""mysql_current_locks"":""0"",""mysql_total_locks"":""0"",""mysql_lock_time_avg"":""0"",""mysql_lock_time_max"":""0"",""mysql_select_scans"":""4146"",""mysql_sort_scans"":""12688"",""mysql_join_scans"":""53"",""sys_load_avg"":10.9,""sys_memory_used"":2133.89453125,""sys_memory_used_buffers"":178.08203125,""sys_memory_used_cache"":604.9375,""sys_memory_swap_used"":0,""sys_memory_swap_used_cache"":0,""fpm_listen_queue"":""0"",""fpm_listen_queue_length"":""128"",""fpm_total_processes"":""14"",""fpm_active_processes"":""10""}"
1471816040,"{""mysql_table_scans_pct"":0.25564224542876,""mysql_deadlocks"":""0"",""mysql_wait_locks"":""0"",""mysql_current_locks"":""0"",""mysql_total_locks"":""0"",""mysql_lock_time_avg"":""0"",""mysql_lock_time_max"":""0"",""mysql_select_scans"":""4214"",""mysql_sort_scans"":""12982"",""mysql_join_scans"":""55"",""sys_load_avg"":10.99,""sys_memory_used"":2121.453125,""sys_memory_used_buffers"":178.3203125,""sys_memory_used_cache"":610.1328125,""sys_memory_swap_used"":0,""sys_memory_swap_used_cache"":0,""fpm_listen_queue"":""0"",""fpm_listen_queue_length"":""128"",""fpm_total_processes"":""14"",""fpm_active_processes"":""9""}"
1471816045,"{""mysql_table_scans_pct"":0.25526054793572,""mysql_deadlocks"":""0"",""mysql_wait_locks"":""0"",""mysql_current_locks"":""0"",""mysql_total_locks"":""0"",""mysql_lock_time_avg"":""0"",""mysql_lock_time_max"":""0"",""mysql_select_scans"":""4277"",""mysql_sort_scans"":""13268"",""mysql_join_scans"":""58"",""sys_load_avg"":11.23,""sys_memory_used"":2182.60546875,""sys_memory_used_buffers"":178.70703125,""sys_memory_used_cache"":615.5234375,""sys_memory_swap_used"":0,""sys_memory_swap_used_cache"":0,""fpm_listen_queue"":""0"",""fpm_listen_queue_length"":""128"",""fpm_total_processes"":""14"",""fpm_active_processes"":""11""}"
1471816050,"{""mysql_table_scans_pct"":0.25488653748072,""mysql_deadlocks"":""0"",""mysql_wait_locks"":""0"",""mysql_current_locks"":""0"",""mysql_total_locks"":""0"",""mysql_lock_time_avg"":""0"",""mysql_lock_time_max"":""0"",""mysql_select_scans"":""4350"",""mysql_sort_scans"":""13580"",""mysql_join_scans"":""60"",""sys_load_avg"":11.29,""sys_memory_used"":2146.23046875,""sys_memory_used_buffers"":178.90234375,""sys_memory_used_cache"":620.90625,""sys_memory_swap_used"":0,""sys_memory_swap_used_cache"":0,""fpm_listen_queue"":""0"",""fpm_listen_queue_length"":""128"",""fpm_total_processes"":""14"",""fpm_active_processes"":""9""}"
1471816055,"{""mysql_table_scans_pct"":0.25469554199397,""mysql_deadlocks"":""0"",""mysql_wait_locks"":""0"",""mysql_current_locks"":""0"",""mysql_total_locks"":""0"",""mysql_lock_time_avg"":""0"",""mysql_lock_time_max"":""0"",""mysql_select_scans"":""4410"",""mysql_sort_scans"":""13821"",""mysql_join_scans"":""65"",""sys_load_avg"":11.51,""sys_memory_used"":2183.61328125,""sys_memory_used_buffers"":179.1875,""sys_memory_used_cache"":624.96484375,""sys_memory_swap_used"":0,""sys_memory_swap_used_cache"":0,""fpm_listen_queue"":""0"",""fpm_listen_queue_length"":""128"",""fpm_total_processes"":""15"",""fpm_active_processes"":""12""}"
1471816060,"{""mysql_table_scans_pct"":0.25435906316228,""mysql_deadlocks"":""0"",""mysql_wait_locks"":""0"",""mysql_current_locks"":""0"",""mysql_total_locks"":""0"",""mysql_lock_time_avg"":""0"",""mysql_lock_time_max"":""0"",""mysql_select_scans"":""4508"",""mysql_sort_scans"":""14147"",""mysql_join_scans"":""70"",""sys_load_avg"":11.63,""sys_memory_used"":2228.8671875,""sys_memory_used_buffers"":179.390625,""sys_memory_used_cache"":630.375,""sys_memory_swap_used"":0,""sys_memory_swap_used_cache"":0,""fpm_listen_queue"":""0"",""fpm_listen_queue_length"":""128"",""fpm_total_processes"":""15"",""fpm_active_processes"":""13""}"
1471816065,"{""mysql_table_scans_pct"":0.2539241235358,""mysql_deadlocks"":""0"",""mysql_wait_locks"":""0"",""mysql_current_locks"":""0"",""mysql_total_locks"":""0"",""mysql_lock_time_avg"":""0"",""mysql_lock_time_max"":""0"",""mysql_select_scans"":""4586"",""mysql_sort_scans"":""14500"",""mysql_join_scans"":""72"",""sys_load_avg"":11.42,""sys_memory_used"":2151.93359375,""sys_memory_used_buffers"":179.71875,""sys_memory_used_cache"":635.8984375,""sys_memory_swap_used"":0,""sys_memory_swap_used_cache"":0,""fpm_listen_queue"":""0"",""fpm_listen_queue_length"":""128"",""fpm_total_processes"":""13"",""fpm_active_processes"":""12""}"
1471816070,"{""mysql_table_scans_pct"":0.25353091380078,""mysql_deadlocks"":""0"",""mysql_wait_locks"":""0"",""mysql_current_locks"":""0"",""mysql_total_locks"":""0"",""mysql_lock_time_avg"":""0"",""mysql_lock_time_max"":""0"",""mysql_select_scans"":""4662"",""mysql_sort_scans"":""14868"",""mysql_join_scans"":""74"",""sys_load_avg"":11.38,""sys_memory_used"":2213.87109375,""sys_memory_used_buffers"":179.94140625,""sys_memory_used_cache"":642.9375,""sys_memory_swap_used"":0,""sys_memory_swap_used_cache"":0,""fpm_listen_queue"":""0"",""fpm_listen_queue_length"":""128"",""fpm_total_processes"":""14"",""fpm_active_processes"":""13""}"
1471816075,"{""mysql_table_scans_pct"":0.25305163225802,""mysql_deadlocks"":""0"",""mysql_wait_locks"":""0"",""mysql_current_locks"":""0"",""mysql_total_locks"":""0"",""mysql_lock_time_avg"":""0"",""mysql_lock_time_max"":""0"",""mysql_select_scans"":""4738"",""mysql_sort_scans"":""15234"",""mysql_join_scans"":""77"",""sys_load_avg"":11.19,""sys_memory_used"":2229.70703125,""sys_memory_used_buffers"":180.109375,""sys_memory_used_cache"":649.609375,""sys_memory_swap_used"":0,""sys_memory_swap_used_cache"":0,""fpm_listen_queue"":""3"",""fpm_listen_queue_length"":""128"",""fpm_total_processes"":""13"",""fpm_active_processes"":""11""}"
1471816081,"{""mysql_table_scans_pct"":0.25265953995801,""mysql_deadlocks"":""0"",""mysql_wait_locks"":""0"",""mysql_current_locks"":""3"",""mysql_total_locks"":""0"",""mysql_lock_time_avg"":""0"",""mysql_lock_time_max"":""0"",""mysql_select_scans"":""4810"",""mysql_sort_scans"":""15587"",""mysql_join_scans"":""78"",""sys_load_avg"":11.42,""sys_memory_used"":2284.640625,""sys_memory_used_buffers"":180.359375,""sys_memory_used_cache"":655.44921875,""sys_memory_swap_used"":0,""sys_memory_swap_used_cache"":0,""fpm_listen_queue"":""0"",""fpm_listen_queue_length"":""128"",""fpm_total_processes"":""15"",""fpm_active_processes"":""14""}"
1471816086,"{""mysql_table_scans_pct"":0.25240497715089,""mysql_deadlocks"":""0"",""mysql_wait_locks"":""0"",""mysql_current_locks"":""0"",""mysql_total_locks"":""0"",""mysql_lock_time_avg"":""0"",""mysql_lock_time_max"":""0"",""mysql_select_scans"":""4880"",""mysql_sort_scans"":""15914"",""mysql_join_scans"":""80"",""sys_load_avg"":11.78,""sys_memory_used"":2238.484375,""sys_memory_used_buffers"":180.58984375,""sys_memory_used_cache"":660.765625,""sys_memory_swap_used"":0,""sys_memory_swap_used_cache"":0,""fpm_listen_queue"":""0"",""fpm_listen_queue_length"":""128"",""fpm_total_processes"":""14"",""fpm_active_processes"":""11""}"
1471816091,"{""mysql_table_scans_pct"":0.25214765893023,""mysql_deadlocks"":""0"",""mysql_wait_locks"":""0"",""mysql_current_locks"":""0"",""mysql_total_locks"":""0"",""mysql_lock_time_avg"":""0"",""mysql_lock_time_max"":""0"",""mysql_select_scans"":""4940"",""mysql_sort_scans"":""16161"",""mysql_join_scans"":""80"",""sys_load_avg"":11.32,""sys_memory_used"":2251.81640625,""sys_memory_used_buffers"":180.73828125,""sys_memory_used_cache"":663.51171875,""sys_memory_swap_used"":0,""sys_memory_swap_used_cache"":0,""fpm_listen_queue"":""0"",""fpm_listen_queue_length"":""128"",""fpm_total_processes"":""14"",""fpm_active_processes"":""12""}"
1471816096,"{""mysql_table_scans_pct"":0.25181896142468,""mysql_deadlocks"":""0"",""mysql_wait_locks"":""0"",""mysql_current_locks"":""2"",""mysql_total_locks"":""0"",""mysql_lock_time_avg"":""0"",""mysql_lock_time_max"":""0"",""mysql_select_scans"":""5007"",""mysql_sort_scans"":""16419"",""mysql_join_scans"":""85"",""sys_load_avg"":11.62,""sys_memory_used"":2287.640625,""sys_memory_used_buffers"":181.01171875,""sys_memory_used_cache"":667.3515625,""sys_memory_swap_used"":0,""sys_memory_swap_used_cache"":0,""fpm_listen_queue"":""1"",""fpm_listen_queue_length"":""128"",""fpm_total_processes"":""14"",""fpm_active_processes"":""14""}"
1471816101,"{""mysql_table_scans_pct"":0.25147883924949,""mysql_deadlocks"":""0"",""mysql_wait_locks"":""0"",""mysql_current_locks"":""0"",""mysql_total_locks"":""0"",""mysql_lock_time_avg"":""0"",""mysql_lock_time_max"":""0"",""mysql_select_scans"":""5073"",""mysql_sort_scans"":""16734"",""mysql_join_scans"":""88"",""sys_load_avg"":11.73,""sys_memory_used"":2315.72265625,""sys_memory_used_buffers"":181.234375,""sys_memory_used_cache"":671.9765625,""sys_memory_swap_used"":0,""sys_memory_swap_used_cache"":0,""fpm_listen_queue"":""0"",""fpm_listen_queue_length"":""128"",""fpm_total_processes"":""15"",""fpm_active_processes"":""15""}"
1471816106,"{""mysql_table_scans_pct"":0.25113329313263,""mysql_deadlocks"":""0"",""mysql_wait_locks"":""0"",""mysql_current_locks"":""0"",""mysql_total_locks"":""0"",""mysql_lock_time_avg"":""0"",""mysql_lock_time_max"":""0"",""mysql_select_scans"":""5147"",""mysql_sort_scans"":""17019"",""mysql_join_scans"":""90"",""sys_load_avg"":11.59,""sys_memory_used"":2302.68359375,""sys_memory_used_buffers"":181.43359375,""sys_memory_used_cache"":677.72265625,""sys_memory_swap_used"":0,""sys_memory_swap_used_cache"":0,""fpm_listen_queue"":""0"",""fpm_listen_queue_length"":""128"",""fpm_total_processes"":""15"",""fpm_active_processes"":""13""}"
1471816111,"{""mysql_table_scans_pct"":0.25070989152504,""mysql_deadlocks"":""0"",""mysql_wait_locks"":""0"",""mysql_current_locks"":""0"",""mysql_total_locks"":""0"",""mysql_lock_time_avg"":""0"",""mysql_lock_time_max"":""0"",""mysql_select_scans"":""5220"",""mysql_sort_scans"":""17348"",""mysql_join_scans"":""95"",""sys_load_avg"":11.94,""sys_memory_used"":2269.09765625,""sys_memory_used_buffers"":181.57421875,""sys_memory_used_cache"":683.12109375,""sys_memory_swap_used"":0,""sys_memory_swap_used_cache"":0,""fpm_listen_queue"":""0"",""fpm_listen_queue_length"":""128"",""fpm_total_processes"":""14"",""fpm_active_processes"":""13""}"
1471816117,"{""mysql_table_scans_pct"":0.2505292385335,""mysql_deadlocks"":""0"",""mysql_wait_locks"":""0"",""mysql_current_locks"":""0"",""mysql_total_locks"":""0"",""mysql_lock_time_avg"":""0"",""mysql_lock_time_max"":""0"",""mysql_select_scans"":""5284"",""mysql_sort_scans"":""17628"",""mysql_join_scans"":""96"",""sys_load_avg"":11.64,""sys_memory_used"":2254.97265625,""sys_memory_used_buffers"":181.71484375,""sys_memory_used_cache"":686.359375,""sys_memory_swap_used"":0,""sys_memory_swap_used_cache"":0,""fpm_listen_queue"":""0"",""fpm_listen_queue_length"":""128"",""fpm_total_processes"":""14"",""fpm_active_processes"":""12""}"
1471816122,"{""mysql_table_scans_pct"":0.25023666290556,""mysql_deadlocks"":""0"",""mysql_wait_locks"":""0"",""mysql_current_locks"":""1"",""mysql_total_locks"":""0"",""mysql_lock_time_avg"":""0"",""mysql_lock_time_max"":""0"",""mysql_select_scans"":""5352"",""mysql_sort_scans"":""17972"",""mysql_join_scans"":""100"",""sys_load_avg"":11.83,""sys_memory_used"":2277.8515625,""sys_memory_used_buffers"":181.8828125,""sys_memory_used_cache"":691.2265625,""sys_memory_swap_used"":0,""sys_memory_swap_used_cache"":0,""fpm_listen_queue"":""5"",""fpm_listen_queue_length"":""128"",""fpm_total_processes"":""12"",""fpm_active_processes"":""11""}"
1471816127,"{""mysql_table_scans_pct"":0.25003910322671,""mysql_deadlocks"":""0"",""mysql_wait_locks"":""0"",""mysql_current_locks"":""0"",""mysql_total_locks"":""0"",""mysql_lock_time_avg"":""0"",""mysql_lock_time_max"":""0"",""mysql_select_scans"":""5412"",""mysql_sort_scans"":""18218"",""mysql_join_scans"":""102"",""sys_load_avg"":11.61,""sys_memory_used"":2269.64453125,""sys_memory_used_buffers"":181.97265625,""sys_memory_used_cache"":694.04296875,""sys_memory_swap_used"":0,""sys_memory_swap_used_cache"":0,""fpm_listen_queue"":""0"",""fpm_listen_queue_length"":""128"",""fpm_total_processes"":""14"",""fpm_active_processes"":""9""}"
1471816132,"{""mysql_table_scans_pct"":0.24973640357471,""mysql_deadlocks"":""0"",""mysql_wait_locks"":""0"",""mysql_current_locks"":""4"",""mysql_total_locks"":""0"",""mysql_lock_time_avg"":""0"",""mysql_lock_time_max"":""0"",""mysql_select_scans"":""5493"",""mysql_sort_scans"":""18559"",""mysql_join_scans"":""105"",""sys_load_avg"":11.4,""sys_memory_used"":2330.74609375,""sys_memory_used_buffers"":182.328125,""sys_memory_used_cache"":697.8125,""sys_memory_swap_used"":0,""sys_memory_swap_used_cache"":0,""fpm_listen_queue"":""0"",""fpm_listen_queue_length"":""128"",""fpm_total_processes"":""15"",""fpm_active_processes"":""12""}"
1471816137,"{""mysql_table_scans_pct"":0.24956009490883,""mysql_deadlocks"":""0"",""mysql_wait_locks"":""0"",""mysql_current_locks"":""0"",""mysql_total_locks"":""0"",""mysql_lock_time_avg"":""0"",""mysql_lock_time_max"":""0"",""mysql_select_scans"":""5556"",""mysql_sort_scans"":""18796"",""mysql_join_scans"":""109"",""sys_load_avg"":11.04,""sys_memory_used"":2296.921875,""sys_memory_used_buffers"":182.4609375,""sys_memory_used_cache"":701.2890625,""sys_memory_swap_used"":0,""sys_memory_swap_used_cache"":0,""fpm_listen_queue"":""0"",""fpm_listen_queue_length"":""128"",""fpm_total_processes"":""14"",""fpm_active_processes"":""13""}"
1471816142,"{""mysql_table_scans_pct"":0.24923586751162,""mysql_deadlocks"":""0"",""mysql_wait_locks"":""0"",""mysql_current_locks"":""0"",""mysql_total_locks"":""0"",""mysql_lock_time_avg"":""0"",""mysql_lock_time_max"":""0"",""mysql_select_scans"":""5629"",""mysql_sort_scans"":""19114"",""mysql_join_scans"":""114"",""sys_load_avg"":11.36,""sys_memory_used"":2359.69921875,""sys_memory_used_buffers"":182.58984375,""sys_memory_used_cache"":705.421875,""sys_memory_swap_used"":0,""sys_memory_swap_used_cache"":0,""fpm_listen_queue"":""0"",""fpm_listen_queue_length"":""128"",""fpm_total_processes"":""15"",""fpm_active_processes"":""10""}"
1471816147,"{""mysql_table_scans_pct"":0.2489629320605,""mysql_deadlocks"":""0"",""mysql_wait_locks"":""0"",""mysql_current_locks"":""0"",""mysql_total_locks"":""0"",""mysql_lock_time_avg"":""0"",""mysql_lock_time_max"":""0"",""mysql_select_scans"":""5697"",""mysql_sort_scans"":""19368"",""mysql_join_scans"":""118"",""sys_load_avg"":10.85,""sys_memory_used"":2373.30078125,""sys_memory_used_buffers"":182.9921875,""sys_memory_used_cache"":708.34765625,""sys_memory_swap_used"":0,""sys_memory_swap_used_cache"":0,""fpm_listen_queue"":""0"",""fpm_listen_queue_length"":""128"",""fpm_total_processes"":""15"",""fpm_active_processes"":""15""}"
1471816152,"{""mysql_table_scans_pct"":0.24870032099038,""mysql_deadlocks"":""0"",""mysql_wait_locks"":""0"",""mysql_current_locks"":""0"",""mysql_total_locks"":""0"",""mysql_lock_time_avg"":""0"",""mysql_lock_time_max"":""0"",""mysql_select_scans"":""5779"",""mysql_sort_scans"":""19669"",""mysql_join_scans"":""122"",""sys_load_avg"":11.02,""sys_memory_used"":2360.70703125,""sys_memory_used_buffers"":183.10546875,""sys_memory_used_cache"":712.92578125,""sys_memory_swap_used"":0,""sys_memory_swap_used_cache"":0,""fpm_listen_queue"":""2"",""fpm_listen_queue_length"":""128"",""fpm_total_processes"":""14"",""fpm_active_processes"":""12""}"
1471816157,"{""mysql_table_scans_pct"":0.24848805389867,""mysql_deadlocks"":""0"",""mysql_wait_locks"":""0"",""mysql_current_locks"":""0"",""mysql_total_locks"":""0"",""mysql_lock_time_avg"":""0"",""mysql_lock_time_max"":""0"",""mysql_select_scans"":""5839"",""mysql_sort_scans"":""19894"",""mysql_join_scans"":""125"",""sys_load_avg"":10.94,""sys_memory_used"":2354.69921875,""sys_memory_used_buffers"":183.26953125,""sys_memory_used_cache"":716.68359375,""sys_memory_swap_used"":0,""sys_memory_swap_used_cache"":0,""fpm_listen_queue"":""0"",""fpm_listen_queue_length"":""128"",""fpm_total_processes"":""15"",""fpm_active_processes"":""10""}"
1471816163,"{""mysql_table_scans_pct"":0.24829484994506,""mysql_deadlocks"":""0"",""mysql_wait_locks"":""0"",""mysql_current_locks"":""0"",""mysql_total_locks"":""0"",""mysql_lock_time_avg"":""0"",""mysql_lock_time_max"":""0"",""mysql_select_scans"":""5913"",""mysql_sort_scans"":""20192"",""mysql_join_scans"":""127"",""sys_load_avg"":11.11,""sys_memory_used"":2336.8671875,""sys_memory_used_buffers"":183.72265625,""sys_memory_used_cache"":719.5546875,""sys_memory_swap_used"":0,""sys_memory_swap_used_cache"":0,""fpm_listen_queue"":""0"",""fpm_listen_queue_length"":""128"",""fpm_total_processes"":""14"",""fpm_active_processes"":""10""}"
1471816168,"{""mysql_table_scans_pct"":0.24805244178793,""mysql_deadlocks"":""0"",""mysql_wait_locks"":""0"",""mysql_current_locks"":""0"",""mysql_total_locks"":""0"",""mysql_lock_time_avg"":""0"",""mysql_lock_time_max"":""0"",""mysql_select_scans"":""5982"",""mysql_sort_scans"":""20519"",""mysql_join_scans"":""129"",""sys_load_avg"":11.1,""sys_memory_used"":2383.45703125,""sys_memory_used_buffers"":183.875,""sys_memory_used_cache"":724.1328125,""sys_memory_swap_used"":0,""sys_memory_swap_used_cache"":0,""fpm_listen_queue"":""0"",""fpm_listen_queue_length"":""128"",""fpm_total_processes"":""14"",""fpm_active_processes"":""14""}"
1471816173,"{""mysql_table_scans_pct"":0.2477934641572,""mysql_deadlocks"":""0"",""mysql_wait_locks"":""0"",""mysql_current_locks"":""0"",""mysql_total_locks"":""0"",""mysql_lock_time_avg"":""0"",""mysql_lock_time_max"":""0"",""mysql_select_scans"":""6059"",""mysql_sort_scans"":""20846"",""mysql_join_scans"":""129"",""sys_load_avg"":11.41,""sys_memory_used"":2384.19921875,""sys_memory_used_buffers"":184.11328125,""sys_memory_used_cache"":728.20703125,""sys_memory_swap_used"":0,""sys_memory_swap_used_cache"":0,""fpm_listen_queue"":""0"",""fpm_listen_queue_length"":""128"",""fpm_total_processes"":""14"",""fpm_active_processes"":""14""}"
1471816178,"{""mysql_table_scans_pct"":0.24764626709745,""mysql_deadlocks"":""0"",""mysql_wait_locks"":""0"",""mysql_current_locks"":""0"",""mysql_total_locks"":""0"",""mysql_lock_time_avg"":""0"",""mysql_lock_time_max"":""0"",""mysql_select_scans"":""6125"",""mysql_sort_scans"":""21127"",""mysql_join_scans"":""131"",""sys_load_avg"":10.9,""sys_memory_used"":2359.765625,""sys_memory_used_buffers"":184.23046875,""sys_memory_used_cache"":730.2890625,""sys_memory_swap_used"":0,""sys_memory_swap_used_cache"":0,""fpm_listen_queue"":""0"",""fpm_listen_queue_length"":""128"",""fpm_total_processes"":""13"",""fpm_active_processes"":""12""}"
1471816183,"{""mysql_table_scans_pct"":0.24752146098074,""mysql_deadlocks"":""0"",""mysql_wait_locks"":""0"",""mysql_current_locks"":""0"",""mysql_total_locks"":""0"",""mysql_lock_time_avg"":""0"",""mysql_lock_time_max"":""0"",""mysql_select_scans"":""6184"",""mysql_sort_scans"":""21351"",""mysql_join_scans"":""133"",""sys_load_avg"":10.75,""sys_memory_used"":2383.84765625,""sys_memory_used_buffers"":184.38671875,""sys_memory_used_cache"":732.6796875,""sys_memory_swap_used"":0,""sys_memory_swap_used_cache"":0,""fpm_listen_queue"":""0"",""fpm_listen_queue_length"":""128"",""fpm_total_processes"":""14"",""fpm_active_processes"":""11""}"
1471816188,"{""mysql_table_scans_pct"":0.24731951174501,""mysql_deadlocks"":""0"",""mysql_wait_locks"":""0"",""mysql_current_locks"":""0"",""mysql_total_locks"":""0"",""mysql_lock_time_avg"":""0"",""mysql_lock_time_max"":""0"",""mysql_select_scans"":""6240"",""mysql_sort_scans"":""21599"",""mysql_join_scans"":""136"",""sys_load_avg"":10.69,""sys_memory_used"":2339.2265625,""sys_memory_used_buffers"":184.51953125,""sys_memory_used_cache"":736.078125,""sys_memory_swap_used"":0,""sys_memory_swap_used_cache"":0,""fpm_listen_queue"":""0"",""fpm_listen_queue_length"":""128"",""fpm_total_processes"":""13"",""fpm_active_processes"":""9""}"
1471816193,"{""mysql_table_scans_pct"":0.24704774354944,""mysql_deadlocks"":""0"",""mysql_wait_locks"":""0"",""mysql_current_locks"":""0"",""mysql_total_locks"":""0"",""mysql_lock_time_avg"":""0"",""mysql_lock_time_max"":""0"",""mysql_select_scans"":""6314"",""mysql_sort_scans"":""21868"",""mysql_join_scans"":""141"",""sys_load_avg"":10.95,""sys_memory_used"":2400.46484375,""sys_memory_used_buffers"":184.671875,""sys_memory_used_cache"":739.19921875,""sys_memory_swap_used"":0,""sys_memory_swap_used_cache"":0,""fpm_listen_queue"":""0"",""fpm_listen_queue_length"":""128"",""fpm_total_processes"":""13"",""fpm_active_processes"":""13""}"
1471816199,"{""mysql_table_scans_pct"":0.24681040696139,""mysql_deadlocks"":""0"",""mysql_wait_locks"":""0"",""mysql_current_locks"":""14"",""mysql_total_locks"":""0"",""mysql_lock_time_avg"":""0"",""mysql_lock_time_max"":""0"",""mysql_select_scans"":""6389"",""mysql_sort_scans"":""22158"",""mysql_join_scans"":""143"",""sys_load_avg"":11.04,""sys_memory_used"":2413.69140625,""sys_memory_used_buffers"":184.90625,""sys_memory_used_cache"":741.64453125,""sys_memory_swap_used"":0,""sys_memory_swap_used_cache"":0,""fpm_listen_queue"":""0"",""fpm_listen_queue_length"":""128"",""fpm_total_processes"":""14"",""fpm_active_processes"":""14""}"
1471816204,"{""mysql_table_scans_pct"":0.24675909798913,""mysql_deadlocks"":""0"",""mysql_wait_locks"":""0"",""mysql_current_locks"":""0"",""mysql_total_locks"":""0"",""mysql_lock_time_avg"":""0"",""mysql_lock_time_max"":""0"",""mysql_select_scans"":""6435"",""mysql_sort_scans"":""22302"",""mysql_join_scans"":""144"",""sys_load_avg"":11.59,""sys_memory_used"":2450.20703125,""sys_memory_used_buffers"":185.0390625,""sys_memory_used_cache"":743.69140625,""sys_memory_swap_used"":0,""sys_memory_swap_used_cache"":0,""fpm_listen_queue"":""2"",""fpm_listen_queue_length"":""128"",""fpm_total_processes"":""14"",""fpm_active_processes"":""14""}"
1471816209,"{""mysql_table_scans_pct"":0.24669783807717,""mysql_deadlocks"":""0"",""mysql_wait_locks"":""0"",""mysql_current_locks"":""2"",""mysql_total_locks"":""0"",""mysql_lock_time_avg"":""0"",""mysql_lock_time_max"":""0"",""mysql_select_scans"":""6489"",""mysql_sort_scans"":""22456"",""mysql_join_scans"":""149"",""sys_load_avg"":11.31,""sys_memory_used"":2418.37890625,""sys_memory_used_buffers"":185.390625,""sys_memory_used_cache"":745.4140625,""sys_memory_swap_used"":0,""sys_memory_swap_used_cache"":0,""fpm_listen_queue"":""3"",""fpm_listen_queue_length"":""128"",""fpm_total_processes"":""14"",""fpm_active_processes"":""14""}"
1471816214,"{""mysql_table_scans_pct"":0.24657667818371,""mysql_deadlocks"":""0"",""mysql_wait_locks"":""0"",""mysql_current_locks"":""0"",""mysql_total_locks"":""0"",""mysql_lock_time_avg"":""0"",""mysql_lock_time_max"":""0"",""mysql_select_scans"":""6551"",""mysql_sort_scans"":""22698"",""mysql_join_scans"":""152"",""sys_load_avg"":10.88,""sys_memory_used"":2446.5703125,""sys_memory_used_buffers"":185.5078125,""sys_memory_used_cache"":748.46484375,""sys_memory_swap_used"":0,""sys_memory_swap_used_cache"":0,""fpm_listen_queue"":""0"",""fpm_listen_queue_length"":""128"",""fpm_total_processes"":""14"",""fpm_active_processes"":""10""}"
1471816219,"{""mysql_table_scans_pct"":0.24635623873173,""mysql_deadlocks"":""0"",""mysql_wait_locks"":""0"",""mysql_current_locks"":""0"",""mysql_total_locks"":""0"",""mysql_lock_time_avg"":""0"",""mysql_lock_time_max"":""0"",""mysql_select_scans"":""6633"",""mysql_sort_scans"":""22989"",""mysql_join_scans"":""155"",""sys_load_avg"":11.05,""sys_memory_used"":2425.36328125,""sys_memory_used_buffers"":185.65625,""sys_memory_used_cache"":750.203125,""sys_memory_swap_used"":0,""sys_memory_swap_used_cache"":0,""fpm_listen_queue"":""0"",""fpm_listen_queue_length"":""128"",""fpm_total_processes"":""15"",""fpm_active_processes"":""8""}"
1471816224,"{""mysql_table_scans_pct"":0.24608423455516,""mysql_deadlocks"":""0"",""mysql_wait_locks"":""0"",""mysql_current_locks"":""0"",""mysql_total_locks"":""0"",""mysql_lock_time_avg"":""0"",""mysql_lock_time_max"":""0"",""mysql_select_scans"":""6702"",""mysql_sort_scans"":""23275"",""mysql_join_scans"":""159"",""sys_load_avg"":11.13,""sys_memory_used"":2449.11328125,""sys_memory_used_buffers"":185.79296875,""sys_memory_used_cache"":754.2734375,""sys_memory_swap_used"":0,""sys_memory_swap_used_cache"":0,""fpm_listen_queue"":""2"",""fpm_listen_queue_length"":""128"",""fpm_total_processes"":""13"",""fpm_active_processes"":""13""}"
1471816229,"{""mysql_table_scans_pct"":0.24595432268642,""mysql_deadlocks"":""0"",""mysql_wait_locks"":""0"",""mysql_current_locks"":""0"",""mysql_total_locks"":""0"",""mysql_lock_time_avg"":""0"",""mysql_lock_time_max"":""0"",""mysql_select_scans"":""6774"",""mysql_sort_scans"":""23491"",""mysql_join_scans"":""162"",""sys_load_avg"":11.2,""sys_memory_used"":2418.921875,""sys_memory_used_buffers"":186.02734375,""sys_memory_used_cache"":756.5390625,""sys_memory_swap_used"":0,""sys_memory_swap_used_cache"":0,""fpm_listen_queue"":""0"",""fpm_listen_queue_length"":""128"",""fpm_total_processes"":""14"",""fpm_active_processes"":""13""}"
1471816234,"{""mysql_table_scans_pct"":0.24584917750034,""mysql_deadlocks"":""0"",""mysql_wait_locks"":""0"",""mysql_current_locks"":""0"",""mysql_total_locks"":""0"",""mysql_lock_time_avg"":""0"",""mysql_lock_time_max"":""0"",""mysql_select_scans"":""6836"",""mysql_sort_scans"":""23715"",""mysql_join_scans"":""163"",""sys_load_avg"":10.54,""sys_memory_used"":2418.828125,""sys_memory_used_buffers"":186.16015625,""sys_memory_used_cache"":758.80078125,""sys_memory_swap_used"":0,""sys_memory_swap_used_cache"":0,""fpm_listen_queue"":""0"",""fpm_listen_queue_length"":""128"",""fpm_total_processes"":""13"",""fpm_active_processes"":""7""}"
1471816240,"{""mysql_table_scans_pct"":0.24566321842366,""mysql_deadlocks"":""0"",""mysql_wait_locks"":""0"",""mysql_current_locks"":""5"",""mysql_total_locks"":""0"",""mysql_lock_time_avg"":""0"",""mysql_lock_time_max"":""0"",""mysql_select_scans"":""6905"",""mysql_sort_scans"":""23963"",""mysql_join_scans"":""170"",""sys_load_avg"":10.42,""sys_memory_used"":2404.0703125,""sys_memory_used_buffers"":186.2890625,""sys_memory_used_cache"":761.49609375,""sys_memory_swap_used"":0,""sys_memory_swap_used_cache"":0,""fpm_listen_queue"":""0"",""fpm_listen_queue_length"":""128"",""fpm_total_processes"":""13"",""fpm_active_processes"":""12""}"
1471816245,"{""mysql_table_scans_pct"":0.24546085073019,""mysql_deadlocks"":""0"",""mysql_wait_locks"":""0"",""mysql_current_locks"":""3"",""mysql_total_locks"":""0"",""mysql_lock_time_avg"":""0"",""mysql_lock_time_max"":""0"",""mysql_select_scans"":""6974"",""mysql_sort_scans"":""24243"",""mysql_join_scans"":""171"",""sys_load_avg"":10.3,""sys_memory_used"":2397.85546875,""sys_memory_used_buffers"":186.42578125,""sys_memory_used_cache"":764.0390625,""sys_memory_swap_used"":0,""sys_memory_swap_used_cache"":0,""fpm_listen_queue"":""0"",""fpm_listen_queue_length"":""128"",""fpm_total_processes"":""13"",""fpm_active_processes"":""9""}"
1471816250,"{""mysql_table_scans_pct"":0.24533934042593,""mysql_deadlocks"":""0"",""mysql_wait_locks"":""0"",""mysql_current_locks"":""1"",""mysql_total_locks"":""0"",""mysql_lock_time_avg"":""0"",""mysql_lock_time_max"":""0"",""mysql_select_scans"":""7039"",""mysql_sort_scans"":""24508"",""mysql_join_scans"":""173"",""sys_load_avg"":10.12,""sys_memory_used"":2411.296875,""sys_memory_used_buffers"":186.55859375,""sys_memory_used_cache"":767.72265625,""sys_memory_swap_used"":0,""sys_memory_swap_used_cache"":0,""fpm_listen_queue"":""0"",""fpm_listen_queue_length"":""128"",""fpm_total_processes"":""13"",""fpm_active_processes"":""11""}"
1471816255,"{""mysql_table_scans_pct"":0.24511692164713,""mysql_deadlocks"":""0"",""mysql_wait_locks"":""0"",""mysql_current_locks"":""0"",""mysql_total_locks"":""0"",""mysql_lock_time_avg"":""0"",""mysql_lock_time_max"":""0"",""mysql_select_scans"":""7116"",""mysql_sort_scans"":""24771"",""mysql_join_scans"":""179"",""sys_load_avg"":9.87,""sys_memory_used"":2412.3203125,""sys_memory_used_buffers"":186.69140625,""sys_memory_used_cache"":770.37890625,""sys_memory_swap_used"":0,""sys_memory_swap_used_cache"":0,""fpm_listen_queue"":""1"",""fpm_listen_queue_length"":""128"",""fpm_total_processes"":""11"",""fpm_active_processes"":""9""}"
1471816260,"{""mysql_table_scans_pct"":0.2448614343271,""mysql_deadlocks"":""0"",""mysql_wait_locks"":""0"",""mysql_current_locks"":""0"",""mysql_total_locks"":""0"",""mysql_lock_time_avg"":""0"",""mysql_lock_time_max"":""0"",""mysql_select_scans"":""7188"",""mysql_sort_scans"":""25107"",""mysql_join_scans"":""180"",""sys_load_avg"":9.96,""sys_memory_used"":2374.484375,""sys_memory_used_buffers"":186.83984375,""sys_memory_used_cache"":773.87109375,""sys_memory_swap_used"":0,""sys_memory_swap_used_cache"":0,""fpm_listen_queue"":""0"",""fpm_listen_queue_length"":""128"",""fpm_total_processes"":""11"",""fpm_active_processes"":""10""}"
1471816265,"{""mysql_table_scans_pct"":0.24462055849049,""mysql_deadlocks"":""0"",""mysql_wait_locks"":""0"",""mysql_current_locks"":""0"",""mysql_total_locks"":""0"",""mysql_lock_time_avg"":""0"",""mysql_lock_time_max"":""0"",""mysql_select_scans"":""7253"",""mysql_sort_scans"":""25359"",""mysql_join_scans"":""182"",""sys_load_avg"":10.36,""sys_memory_used"":2432.98046875,""sys_memory_used_buffers"":187.05078125,""sys_memory_used_cache"":777.30859375,""sys_memory_swap_used"":0,""sys_memory_swap_used_cache"":0,""fpm_listen_queue"":""0"",""fpm_listen_queue_length"":""128"",""fpm_total_processes"":""13"",""fpm_active_processes"":""11""}"
1471816270,"{""mysql_table_scans_pct"":0.24451087764202,""mysql_deadlocks"":""0"",""mysql_wait_locks"":""0"",""mysql_current_locks"":""0"",""mysql_total_locks"":""0"",""mysql_lock_time_avg"":""0"",""mysql_lock_time_max"":""0"",""mysql_select_scans"":""7318"",""mysql_sort_scans"":""25579"",""mysql_join_scans"":""185"",""sys_load_avg"":9.93,""sys_memory_used"":2371.06640625,""sys_memory_used_buffers"":187.16015625,""sys_memory_used_cache"":778.75390625,""sys_memory_swap_used"":0,""sys_memory_swap_used_cache"":0,""fpm_listen_queue"":""0"",""fpm_listen_queue_length"":""128"",""fpm_total_processes"":""12"",""fpm_active_processes"":""6""}"
1471816275,"{""mysql_table_scans_pct"":0.24428317605153,""mysql_deadlocks"":""0"",""mysql_wait_locks"":""0"",""mysql_current_locks"":""0"",""mysql_total_locks"":""0"",""mysql_lock_time_avg"":""0"",""mysql_lock_time_max"":""0"",""mysql_select_scans"":""7386"",""mysql_sort_scans"":""25872"",""mysql_join_scans"":""188"",""sys_load_avg"":9.94,""sys_memory_used"":2379.92578125,""sys_memory_used_buffers"":187.36328125,""sys_memory_used_cache"":780.66796875,""sys_memory_swap_used"":0,""sys_memory_swap_used_cache"":0,""fpm_listen_queue"":""0"",""fpm_listen_queue_length"":""128"",""fpm_total_processes"":""12"",""fpm_active_processes"":""10""}"
1471816280,"{""mysql_table_scans_pct"":0.24396774755991,""mysql_deadlocks"":""0"",""mysql_wait_locks"":""0"",""mysql_current_locks"":""0"",""mysql_total_locks"":""0"",""mysql_lock_time_avg"":""0"",""mysql_lock_time_max"":""0"",""mysql_select_scans"":""7471"",""mysql_sort_scans"":""26237"",""mysql_join_scans"":""190"",""sys_load_avg"":9.94,""sys_memory_used"":2390.61328125,""sys_memory_used_buffers"":187.46484375,""sys_memory_used_cache"":784.50390625,""sys_memory_swap_used"":0,""sys_memory_swap_used_cache"":0,""fpm_listen_queue"":""0"",""fpm_listen_queue_length"":""128"",""fpm_total_processes"":""11"",""fpm_active_processes"":""10""}"
1471816285,"{""mysql_table_scans_pct"":0.24375161983778,""mysql_deadlocks"":""0"",""mysql_wait_locks"":""0"",""mysql_current_locks"":""0"",""mysql_total_locks"":""0"",""mysql_lock_time_avg"":""0"",""mysql_lock_time_max"":""0"",""mysql_select_scans"":""7550"",""mysql_sort_scans"":""26558"",""mysql_join_scans"":""192"",""sys_load_avg"":9.31,""sys_memory_used"":2454.6953125,""sys_memory_used_buffers"":187.77734375,""sys_memory_used_cache"":787.515625,""sys_memory_swap_used"":0,""sys_memory_swap_used_cache"":0,""fpm_listen_queue"":""2"",""fpm_listen_queue_length"":""128"",""fpm_total_processes"":""12"",""fpm_active_processes"":""7""}"
1471816290,"{""mysql_table_scans_pct"":0.2435732968198,""mysql_deadlocks"":""0"",""mysql_wait_locks"":""0"",""mysql_current_locks"":""0"",""mysql_total_locks"":""0"",""mysql_lock_time_avg"":""0"",""mysql_lock_time_max"":""0"",""mysql_select_scans"":""7617"",""mysql_sort_scans"":""26782"",""mysql_join_scans"":""196"",""sys_load_avg"":9.76,""sys_memory_used"":2427.05078125,""sys_memory_used_buffers"":188.14453125,""sys_memory_used_cache"":790.2578125,""sys_memory_swap_used"":0,""sys_memory_swap_used_cache"":0,""fpm_listen_queue"":""0"",""fpm_listen_queue_length"":""128"",""fpm_total_processes"":""12"",""fpm_active_processes"":""9""}"
1471816296,"{""mysql_table_scans_pct"":0.24343938945316,""mysql_deadlocks"":""0"",""mysql_wait_locks"":""0"",""mysql_current_locks"":""0"",""mysql_total_locks"":""0"",""mysql_lock_time_avg"":""0"",""mysql_lock_time_max"":""0"",""mysql_select_scans"":""7682"",""mysql_sort_scans"":""27024"",""mysql_join_scans"":""199"",""sys_load_avg"":9.94,""sys_memory_used"":2448.7578125,""sys_memory_used_buffers"":188.26953125,""sys_memory_used_cache"":792.390625,""sys_memory_swap_used"":0,""sys_memory_swap_used_cache"":0,""fpm_listen_queue"":""0"",""fpm_listen_queue_length"":""128"",""fpm_total_processes"":""12"",""fpm_active_processes"":""8""}"
1471816301,"{""mysql_table_scans_pct"":0.24332384422318,""mysql_deadlocks"":""0"",""mysql_wait_locks"":""0"",""mysql_current_locks"":""0"",""mysql_total_locks"":""0"",""mysql_lock_time_avg"":""0"",""mysql_lock_time_max"":""0"",""mysql_select_scans"":""7749"",""mysql_sort_scans"":""27254"",""mysql_join_scans"":""202"",""sys_load_avg"":9.79,""sys_memory_used"":2440.9609375,""sys_memory_used_buffers"":188.40625,""sys_memory_used_cache"":794.58984375,""sys_memory_swap_used"":0,""sys_memory_swap_used_cache"":0,""fpm_listen_queue"":""0"",""fpm_listen_queue_length"":""128"",""fpm_total_processes"":""12"",""fpm_active_processes"":""12""}"
1471816306,"{""mysql_table_scans_pct"":0.24316923386106,""mysql_deadlocks"":""0"",""mysql_wait_locks"":""0"",""mysql_current_locks"":""0"",""mysql_total_locks"":""0"",""mysql_lock_time_avg"":""0"",""mysql_lock_time_max"":""0"",""mysql_select_scans"":""7824"",""mysql_sort_scans"":""27490"",""mysql_join_scans"":""205"",""sys_load_avg"":9.48,""sys_memory_used"":2475.12890625,""sys_memory_used_buffers"":188.515625,""sys_memory_used_cache"":797.25390625,""sys_memory_swap_used"":0,""sys_memory_swap_used_cache"":0,""fpm_listen_queue"":""0"",""fpm_listen_queue_length"":""128"",""fpm_total_processes"":""13"",""fpm_active_processes"":""13""}"
1471816311,"{""mysql_table_scans_pct"":0.24307371490083,""mysql_deadlocks"":""0"",""mysql_wait_locks"":""0"",""mysql_current_locks"":""0"",""mysql_total_locks"":""0"",""mysql_lock_time_avg"":""0"",""mysql_lock_time_max"":""0"",""mysql_select_scans"":""7894"",""mysql_sort_scans"":""27691"",""mysql_join_scans"":""210"",""sys_load_avg"":9.61,""sys_memory_used"":2448.91796875,""sys_memory_used_buffers"":188.65234375,""sys_memory_used_cache"":799.234375,""sys_memory_swap_used"":0,""sys_memory_swap_used_cache"":0,""fpm_listen_queue"":""0"",""fpm_listen_queue_length"":""128"",""fpm_total_processes"":""11"",""fpm_active_processes"":""6""}"
1471816316,"{""mysql_table_scans_pct"":0.2428375309714,""mysql_deadlocks"":""0"",""mysql_wait_locks"":""0"",""mysql_current_locks"":""0"",""mysql_total_locks"":""0"",""mysql_lock_time_avg"":""0"",""mysql_lock_time_max"":""0"",""mysql_select_scans"":""7964"",""mysql_sort_scans"":""27939"",""mysql_join_scans"":""215"",""sys_load_avg"":9.88,""sys_memory_used"":2421.4140625,""sys_memory_used_buffers"":188.78125,""sys_memory_used_cache"":801.45703125,""sys_memory_swap_used"":0,""sys_memory_swap_used_cache"":0,""fpm_listen_queue"":""1"",""fpm_listen_queue_length"":""128"",""fpm_total_processes"":""10"",""fpm_active_processes"":""10""}"
1471816321,"{""mysql_table_scans_pct"":0.24274344650093,""mysql_deadlocks"":""0"",""mysql_wait_locks"":""0"",""mysql_current_locks"":""0"",""mysql_total_locks"":""0"",""mysql_lock_time_avg"":""0"",""mysql_lock_time_max"":""0"",""mysql_select_scans"":""8030"",""mysql_sort_scans"":""28127"",""mysql_join_scans"":""219"",""sys_load_avg"":9.97,""sys_memory_used"":2374.34765625,""sys_memory_used_buffers"":188.87109375,""sys_memory_used_cache"":802.640625,""sys_memory_swap_used"":0,""sys_memory_swap_used_cache"":0,""fpm_listen_queue"":""6"",""fpm_listen_queue_length"":""128"",""fpm_total_processes"":""9"",""fpm_active_processes"":""9""}"
1471816326,"{""mysql_table_scans_pct"":0.24269304004015,""mysql_deadlocks"":""0"",""mysql_wait_locks"":""0"",""mysql_current_locks"":""0"",""mysql_total_locks"":""0"",""mysql_lock_time_avg"":""0"",""mysql_lock_time_max"":""0"",""mysql_select_scans"":""8082"",""mysql_sort_scans"":""28310"",""mysql_join_scans"":""221"",""sys_load_avg"":9.81,""sys_memory_used"":2478.48828125,""sys_memory_used_buffers"":188.96484375,""sys_memory_used_cache"":804.0390625,""sys_memory_swap_used"":0,""sys_memory_swap_used_cache"":0,""fpm_listen_queue"":""2"",""fpm_listen_queue_length"":""128"",""fpm_total_processes"":""12"",""fpm_active_processes"":""12""}"
1471816331,"{""mysql_table_scans_pct"":0.24257654603317,""mysql_deadlocks"":""0"",""mysql_wait_locks"":""0"",""mysql_current_locks"":""0"",""mysql_total_locks"":""0"",""mysql_lock_time_avg"":""0"",""mysql_lock_time_max"":""0"",""mysql_select_scans"":""8137"",""mysql_sort_scans"":""28487"",""mysql_join_scans"":""225"",""sys_load_avg"":10.06,""sys_memory_used"":2510.09765625,""sys_memory_used_buffers"":189.14453125,""sys_memory_used_cache"":805.85546875,""sys_memory_swap_used"":0,""sys_memory_swap_used_cache"":0,""fpm_listen_queue"":""0"",""fpm_listen_queue_length"":""128"",""fpm_total_processes"":""13"",""fpm_active_processes"":""6""}"
1471816337,"{""mysql_table_scans_pct"":0.24240947384467,""mysql_deadlocks"":""0"",""mysql_wait_locks"":""0"",""mysql_current_locks"":""0"",""mysql_total_locks"":""0"",""mysql_lock_time_avg"":""0"",""mysql_lock_time_max"":""0"",""mysql_select_scans"":""8207"",""mysql_sort_scans"":""28730"",""mysql_join_scans"":""232"",""sys_load_avg"":9.34,""sys_memory_used"":2419.203125,""sys_memory_used_buffers"":189.3046875,""sys_memory_used_cache"":808.36328125,""sys_memory_swap_used"":0,""sys_memory_swap_used_cache"":0,""fpm_listen_queue"":""0"",""fpm_listen_queue_length"":""128"",""fpm_total_processes"":""11"",""fpm_active_processes"":""10""}"
1471816342,"{""mysql_table_scans_pct"":0.24226464654714,""mysql_deadlocks"":""0"",""mysql_wait_locks"":""0"",""mysql_current_locks"":""0"",""mysql_total_locks"":""0"",""mysql_lock_time_avg"":""0"",""mysql_lock_time_max"":""0"",""mysql_select_scans"":""8283"",""mysql_sort_scans"":""28988"",""mysql_join_scans"":""235"",""sys_load_avg"":9.68,""sys_memory_used"":2469.6484375,""sys_memory_used_buffers"":189.51953125,""sys_memory_used_cache"":811.08203125,""sys_memory_swap_used"":0,""sys_memory_swap_used_cache"":0,""fpm_listen_queue"":""6"",""fpm_listen_queue_length"":""128"",""fpm_total_processes"":""11"",""fpm_active_processes"":""9""}"
1471816347,"{""mysql_table_scans_pct"":0.24210818773516,""mysql_deadlocks"":""0"",""mysql_wait_locks"":""0"",""mysql_current_locks"":""0"",""mysql_total_locks"":""0"",""mysql_lock_time_avg"":""0"",""mysql_lock_time_max"":""0"",""mysql_select_scans"":""8363"",""mysql_sort_scans"":""29251"",""mysql_join_scans"":""238"",""sys_load_avg"":9.07,""sys_memory_used"":2503.2265625,""sys_memory_used_buffers"":189.62109375,""sys_memory_used_cache"":813.01171875,""sys_memory_swap_used"":0,""sys_memory_swap_used_cache"":0,""fpm_listen_queue"":""1"",""fpm_listen_queue_length"":""128"",""fpm_total_processes"":""12"",""fpm_active_processes"":""8""}"
1471816352,"{""mysql_table_scans_pct"":0.24190895207655,""mysql_deadlocks"":""0"",""mysql_wait_locks"":""0"",""mysql_current_locks"":""0"",""mysql_total_locks"":""0"",""mysql_lock_time_avg"":""0"",""mysql_lock_time_max"":""0"",""mysql_select_scans"":""8444"",""mysql_sort_scans"":""29585"",""mysql_join_scans"":""239"",""sys_load_avg"":8.74,""sys_memory_used"":2501.9140625,""sys_memory_used_buffers"":189.703125,""sys_memory_used_cache"":815.49609375,""sys_memory_swap_used"":0,""sys_memory_swap_used_cache"":0,""fpm_listen_queue"":""0"",""fpm_listen_queue_length"":""128"",""fpm_total_processes"":""14"",""fpm_active_processes"":""11""}"
1471816357,"{""mysql_table_scans_pct"":0.24178418703573,""mysql_deadlocks"":""0"",""mysql_wait_locks"":""0"",""mysql_current_locks"":""0"",""mysql_total_locks"":""0"",""mysql_lock_time_avg"":""0"",""mysql_lock_time_max"":""0"",""mysql_select_scans"":""8516"",""mysql_sort_scans"":""29844"",""mysql_join_scans"":""242"",""sys_load_avg"":8.84,""sys_memory_used"":2513.95703125,""sys_memory_used_buffers"":190.07421875,""sys_memory_used_cache"":817.21875,""sys_memory_swap_used"":0,""sys_memory_swap_used_cache"":0,""fpm_listen_queue"":""0"",""fpm_listen_queue_length"":""128"",""fpm_total_processes"":""13"",""fpm_active_processes"":""10""}"
1471816362,"{""mysql_table_scans_pct"":0.24163038472087,""mysql_deadlocks"":""0"",""mysql_wait_locks"":""0"",""mysql_current_locks"":""0"",""mysql_total_locks"":""0"",""mysql_lock_time_avg"":""0"",""mysql_lock_time_max"":""0"",""mysql_select_scans"":""8588"",""mysql_sort_scans"":""30059"",""mysql_join_scans"":""247"",""sys_load_avg"":9.01,""sys_memory_used"":2492.51953125,""sys_memory_used_buffers"":190.16796875,""sys_memory_used_cache"":818.92578125,""sys_memory_swap_used"":0,""sys_memory_swap_used_cache"":0,""fpm_listen_queue"":""0"",""fpm_listen_queue_length"":""128"",""fpm_total_processes"":""12"",""fpm_active_processes"":""11""}"
1471816367,"{""mysql_table_scans_pct"":0.24159469837604,""mysql_deadlocks"":""0"",""mysql_wait_locks"":""0"",""mysql_current_locks"":""0"",""mysql_total_locks"":""0"",""mysql_lock_time_avg"":""0"",""mysql_lock_time_max"":""0"",""mysql_select_scans"":""8642"",""mysql_sort_scans"":""30227"",""mysql_join_scans"":""252"",""sys_load_avg"":9.09,""sys_memory_used"":2473.734375,""sys_memory_used_buffers"":190.24609375,""sys_memory_used_cache"":820.54296875,""sys_memory_swap_used"":0,""sys_memory_swap_used_cache"":0,""fpm_listen_queue"":""0"",""fpm_listen_queue_length"":""128"",""fpm_total_processes"":""11"",""fpm_active_processes"":""6""}"
1471816372,"{""mysql_table_scans_pct"":0.24141837048594,""mysql_deadlocks"":""0"",""mysql_wait_locks"":""0"",""mysql_current_locks"":""1"",""mysql_total_locks"":""0"",""mysql_lock_time_avg"":""0"",""mysql_lock_time_max"":""0"",""mysql_select_scans"":""8720"",""mysql_sort_scans"":""30475"",""mysql_join_scans"":""258"",""sys_load_avg"":8.93,""sys_memory_used"":2450.203125,""sys_memory_used_buffers"":190.36328125,""sys_memory_used_cache"":822.42578125,""sys_memory_swap_used"":0,""sys_memory_swap_used_cache"":0,""fpm_listen_queue"":""0"",""fpm_listen_queue_length"":""128"",""fpm_total_processes"":""10"",""fpm_active_processes"":""10""}"
1471816378,"{""mysql_table_scans_pct"":0.2413294963645,""mysql_deadlocks"":""0"",""mysql_wait_locks"":""0"",""mysql_current_locks"":""0"",""mysql_total_locks"":""0"",""mysql_lock_time_avg"":""0"",""mysql_lock_time_max"":""0"",""mysql_select_scans"":""8778"",""mysql_sort_scans"":""30660"",""mysql_join_scans"":""264"",""sys_load_avg"":8.85,""sys_memory_used"":2439.2265625,""sys_memory_used_buffers"":190.47265625,""sys_memory_used_cache"":824.1484375,""sys_memory_swap_used"":0,""sys_memory_swap_used_cache"":0,""fpm_listen_queue"":""0"",""fpm_listen_queue_length"":""128"",""fpm_total_processes"":""10"",""fpm_active_processes"":""8""}"
1471816383,"{""mysql_table_scans_pct"":0.24111186493445,""mysql_deadlocks"":""0"",""mysql_wait_locks"":""0"",""mysql_current_locks"":""5"",""mysql_total_locks"":""0"",""mysql_lock_time_avg"":""0"",""mysql_lock_time_max"":""0"",""mysql_select_scans"":""8856"",""mysql_sort_scans"":""30939"",""mysql_join_scans"":""269"",""sys_load_avg"":9.1,""sys_memory_used"":2511.24609375,""sys_memory_used_buffers"":190.578125,""sys_memory_used_cache"":825.484375,""sys_memory_swap_used"":0,""sys_memory_swap_used_cache"":0,""fpm_listen_queue"":""3"",""fpm_listen_queue_length"":""128"",""fpm_total_processes"":""11"",""fpm_active_processes"":""11""}"
1471816388,"{""mysql_table_scans_pct"":0.24097525823033,""mysql_deadlocks"":""0"",""mysql_wait_locks"":""0"",""mysql_current_locks"":""0"",""mysql_total_locks"":""0"",""mysql_lock_time_avg"":""0"",""mysql_lock_time_max"":""0"",""mysql_select_scans"":""8913"",""mysql_sort_scans"":""31148"",""mysql_join_scans"":""271"",""sys_load_avg"":9.25,""sys_memory_used"":2514.19140625,""sys_memory_used_buffers"":190.73046875,""sys_memory_used_cache"":827.4609375,""sys_memory_swap_used"":0,""sys_memory_swap_used_cache"":0,""fpm_listen_queue"":""0"",""fpm_listen_queue_length"":""128"",""fpm_total_processes"":""13"",""fpm_active_processes"":""11""}"
1471816393,"{""mysql_table_scans_pct"":0.2408047296569,""mysql_deadlocks"":""0"",""mysql_wait_locks"":""0"",""mysql_current_locks"":""0"",""mysql_total_locks"":""0"",""mysql_lock_time_avg"":""0"",""mysql_lock_time_max"":""0"",""mysql_select_scans"":""8990"",""mysql_sort_scans"":""31419"",""mysql_join_scans"":""274"",""sys_load_avg"":8.99,""sys_memory_used"":2520.17578125,""sys_memory_used_buffers"":190.80078125,""sys_memory_used_cache"":828.7734375,""sys_memory_swap_used"":0,""sys_memory_swap_used_cache"":0,""fpm_listen_queue"":""0"",""fpm_listen_queue_length"":""128"",""fpm_total_processes"":""12"",""fpm_active_processes"":""12""}"
1471816398,"{""mysql_table_scans_pct"":0.24056821165009,""mysql_deadlocks"":""0"",""mysql_wait_locks"":""0"",""mysql_current_locks"":""0"",""mysql_total_locks"":""0"",""mysql_lock_time_avg"":""0"",""mysql_lock_time_max"":""0"",""mysql_select_scans"":""9070"",""mysql_sort_scans"":""31741"",""mysql_join_scans"":""277"",""sys_load_avg"":9.07,""sys_memory_used"":2528.09375,""sys_memory_used_buffers"":190.9296875,""sys_memory_used_cache"":831.453125,""sys_memory_swap_used"":0,""sys_memory_swap_used_cache"":0,""fpm_listen_queue"":""0"",""fpm_listen_queue_length"":""128"",""fpm_total_processes"":""12"",""fpm_active_processes"":""10""}"
1471816403,"{""mysql_table_scans_pct"":0.24047468343787,""mysql_deadlocks"":""0"",""mysql_wait_locks"":""0"",""mysql_current_locks"":""0"",""mysql_total_locks"":""0"",""mysql_lock_time_avg"":""0"",""mysql_lock_time_max"":""0"",""mysql_select_scans"":""9129"",""mysql_sort_scans"":""31961"",""mysql_join_scans"":""279"",""sys_load_avg"":9.15,""sys_memory_used"":2542.40625,""sys_memory_used_buffers"":191.140625,""sys_memory_used_cache"":833.203125,""sys_memory_swap_used"":0,""sys_memory_swap_used_cache"":0,""fpm_listen_queue"":""0"",""fpm_listen_queue_length"":""128"",""fpm_total_processes"":""14"",""fpm_active_processes"":""10""}"
1471816408,"{""mysql_table_scans_pct"":0.24028897710997,""mysql_deadlocks"":""0"",""mysql_wait_locks"":""0"",""mysql_current_locks"":""2"",""mysql_total_locks"":""0"",""mysql_lock_time_avg"":""0"",""mysql_lock_time_max"":""0"",""mysql_select_scans"":""9207"",""mysql_sort_scans"":""32218"",""mysql_join_scans"":""284"",""sys_load_avg"":9.46,""sys_memory_used"":2548.546875,""sys_memory_used_buffers"":191.234375,""sys_memory_used_cache"":835.73046875,""sys_memory_swap_used"":0,""sys_memory_swap_used_cache"":0,""fpm_listen_queue"":""0"",""fpm_listen_queue_length"":""128"",""fpm_total_processes"":""13"",""fpm_active_processes"":""10""}"
1471816413,"{""mysql_table_scans_pct"":0.24011129144447,""mysql_deadlocks"":""0"",""mysql_wait_locks"":""0"",""mysql_current_locks"":""0"",""mysql_total_locks"":""0"",""mysql_lock_time_avg"":""0"",""mysql_lock_time_max"":""0"",""mysql_select_scans"":""9271"",""mysql_sort_scans"":""32469"",""mysql_join_scans"":""286"",""sys_load_avg"":9.18,""sys_memory_used"":2462.16015625,""sys_memory_used_buffers"":191.48828125,""sys_memory_used_cache"":837.6171875,""sys_memory_swap_used"":0,""sys_memory_swap_used_cache"":0,""fpm_listen_queue"":""0"",""fpm_listen_queue_length"":""128"",""fpm_total_processes"":""11"",""fpm_active_processes"":""5""}"
1471816418,"{""mysql_table_scans_pct"":0.2399476932397,""mysql_deadlocks"":""0"",""mysql_wait_locks"":""0"",""mysql_current_locks"":""18"",""mysql_total_locks"":""0"",""mysql_lock_time_avg"":""0"",""mysql_lock_time_max"":""0"",""mysql_select_scans"":""9347"",""mysql_sort_scans"":""32741"",""mysql_join_scans"":""288"",""sys_load_avg"":9.49,""sys_memory_used"":2487.26953125,""sys_memory_used_buffers"":191.921875,""sys_memory_used_cache"":838.8125,""sys_memory_swap_used"":0,""sys_memory_swap_used_cache"":0,""fpm_listen_queue"":""0"",""fpm_listen_queue_length"":""128"",""fpm_total_processes"":""12"",""fpm_active_processes"":""9""}"
1471816423,"{""mysql_table_scans_pct"":0.23981983807863,""mysql_deadlocks"":""0"",""mysql_wait_locks"":""0"",""mysql_current_locks"":""0"",""mysql_total_locks"":""0"",""mysql_lock_time_avg"":""0"",""mysql_lock_time_max"":""0"",""mysql_select_scans"":""9410"",""mysql_sort_scans"":""32956"",""mysql_join_scans"":""292"",""sys_load_avg"":9.61,""sys_memory_used"":2545.09375,""sys_memory_used_buffers"":192.40234375,""sys_memory_used_cache"":840.171875,""sys_memory_swap_used"":0,""sys_memory_swap_used_cache"":0,""fpm_listen_queue"":""0"",""fpm_listen_queue_length"":""128"",""fpm_total_processes"":""12"",""fpm_active_processes"":""11""}"
1471816429,"{""mysql_table_scans_pct"":0.23973133010511,""mysql_deadlocks"":""0"",""mysql_wait_locks"":""0"",""mysql_current_locks"":""0"",""mysql_total_locks"":""0"",""mysql_lock_time_avg"":""0"",""mysql_lock_time_max"":""0"",""mysql_select_scans"":""9487"",""mysql_sort_scans"":""33239"",""mysql_join_scans"":""293"",""sys_load_avg"":9.48,""sys_memory_used"":2546.5625,""sys_memory_used_buffers"":192.75,""sys_memory_used_cache"":841.84765625,""sys_memory_swap_used"":0,""sys_memory_swap_used_cache"":0,""fpm_listen_queue"":""0"",""fpm_listen_queue_length"":""128"",""fpm_total_processes"":""12"",""fpm_active_processes"":""12""}"
1471816434,"{""mysql_table_scans_pct"":0.23965943233197,""mysql_deadlocks"":""0"",""mysql_wait_locks"":""0"",""mysql_current_locks"":""0"",""mysql_total_locks"":""0"",""mysql_lock_time_avg"":""0"",""mysql_lock_time_max"":""0"",""mysql_select_scans"":""9547"",""mysql_sort_scans"":""33400"",""mysql_join_scans"":""297"",""sys_load_avg"":9.28,""sys_memory_used"":2573.90625,""sys_memory_used_buffers"":193.078125,""sys_memory_used_cache"":843.2890625,""sys_memory_swap_used"":0,""sys_memory_swap_used_cache"":0,""fpm_listen_queue"":""1"",""fpm_listen_queue_length"":""128"",""fpm_total_processes"":""12"",""fpm_active_processes"":""10""}"
1471816439,"{""mysql_table_scans_pct"":0.23950384170734,""mysql_deadlocks"":""0"",""mysql_wait_locks"":""0"",""mysql_current_locks"":""0"",""mysql_total_locks"":""0"",""mysql_lock_time_avg"":""0"",""mysql_lock_time_max"":""0"",""mysql_select_scans"":""9611"",""mysql_sort_scans"":""33627"",""mysql_join_scans"":""299"",""sys_load_avg"":9.5,""sys_memory_used"":2549.28515625,""sys_memory_used_buffers"":193.17578125,""sys_memory_used_cache"":844.8984375,""sys_memory_swap_used"":0,""sys_memory_swap_used_cache"":0,""fpm_listen_queue"":""0"",""fpm_listen_queue_length"":""128"",""fpm_total_processes"":""12"",""fpm_active_processes"":""10""}"
1471816444,"{""mysql_table_scans_pct"":0.23939082139363,""mysql_deadlocks"":""0"",""mysql_wait_locks"":""0"",""mysql_current_locks"":""0"",""mysql_total_locks"":""0"",""mysql_lock_time_avg"":""0"",""mysql_lock_time_max"":""0"",""mysql_select_scans"":""9673"",""mysql_sort_scans"":""33808"",""mysql_join_scans"":""308"",""sys_load_avg"":10.1,""sys_memory_used"":2638.48046875,""sys_memory_used_buffers"":193.26953125,""sys_memory_used_cache"":845.953125,""sys_memory_swap_used"":0,""sys_memory_swap_used_cache"":0,""fpm_listen_queue"":""2"",""fpm_listen_queue_length"":""128"",""fpm_total_processes"":""14"",""fpm_active_processes"":""11""}"
1471816449,"{""mysql_table_scans_pct"":0.23927400669901,""mysql_deadlocks"":""0"",""mysql_wait_locks"":""0"",""mysql_current_locks"":""0"",""mysql_total_locks"":""0"",""mysql_lock_time_avg"":""0"",""mysql_lock_time_max"":""0"",""mysql_select_scans"":""9735"",""mysql_sort_scans"":""34002"",""mysql_join_scans"":""311"",""sys_load_avg"":10.41,""sys_memory_used"":2587.5390625,""sys_memory_used_buffers"":193.45703125,""sys_memory_used_cache"":847.37890625,""sys_memory_swap_used"":0,""sys_memory_swap_used_cache"":0,""fpm_listen_queue"":""3"",""fpm_listen_queue_length"":""128"",""fpm_total_processes"":""12"",""fpm_active_processes"":""7""}"
1471816454,"{""mysql_table_scans_pct"":0.23918214457783,""mysql_deadlocks"":""0"",""mysql_wait_locks"":""0"",""mysql_current_locks"":""0"",""mysql_total_locks"":""0"",""mysql_lock_time_avg"":""0"",""mysql_lock_time_max"":""0"",""mysql_select_scans"":""9804"",""mysql_sort_scans"":""34207"",""mysql_join_scans"":""315"",""sys_load_avg"":10.78,""sys_memory_used"":2620.92578125,""sys_memory_used_buffers"":193.55078125,""sys_memory_used_cache"":848.99609375,""sys_memory_swap_used"":0,""sys_memory_swap_used_cache"":0,""fpm_listen_queue"":""1"",""fpm_listen_queue_length"":""128"",""fpm_total_processes"":""13"",""fpm_active_processes"":""12""}"
1471816459,"{""mysql_table_scans_pct"":0.23906621455001,""mysql_deadlocks"":""0"",""mysql_wait_locks"":""0"",""mysql_current_locks"":""0"",""mysql_total_locks"":""0"",""mysql_lock_time_avg"":""0"",""mysql_lock_time_max"":""0"",""mysql_select_scans"":""9863"",""mysql_sort_scans"":""34394"",""mysql_join_scans"":""319"",""sys_load_avg"":10.64,""sys_memory_used"":2571.74609375,""sys_memory_used_buffers"":193.91015625,""sys_memory_used_cache"":851.2265625,""sys_memory_swap_used"":0,""sys_memory_swap_used_cache"":0,""fpm_listen_queue"":""0"",""fpm_listen_queue_length"":""128"",""fpm_total_processes"":""13"",""fpm_active_processes"":""11""}"
1471816464,"{""mysql_table_scans_pct"":0.23890591009239,""mysql_deadlocks"":""0"",""mysql_wait_locks"":""0"",""mysql_current_locks"":""3"",""mysql_total_locks"":""0"",""mysql_lock_time_avg"":""0"",""mysql_lock_time_max"":""0"",""mysql_select_scans"":""9940"",""mysql_sort_scans"":""34665"",""mysql_join_scans"":""321"",""sys_load_avg"":10.43,""sys_memory_used"":2545.46484375,""sys_memory_used_buffers"":194.1796875,""sys_memory_used_cache"":853.3515625,""sys_memory_swap_used"":0,""sys_memory_swap_used_cache"":0,""fpm_listen_queue"":""0"",""fpm_listen_queue_length"":""128"",""fpm_total_processes"":""11"",""fpm_active_processes"":""11""}"
1471816469,"{""mysql_table_scans_pct"":0.23874015196165,""mysql_deadlocks"":""0"",""mysql_wait_locks"":""0"",""mysql_current_locks"":""5"",""mysql_total_locks"":""0"",""mysql_lock_time_avg"":""0"",""mysql_lock_time_max"":""0"",""mysql_select_scans"":""10018"",""mysql_sort_scans"":""34944"",""mysql_join_scans"":""324"",""sys_load_avg"":10.39,""sys_memory_used"":2564.78515625,""sys_memory_used_buffers"":194.40234375,""sys_memory_used_cache"":854.5390625,""sys_memory_swap_used"":0,""sys_memory_swap_used_cache"":0,""fpm_listen_queue"":""1"",""fpm_listen_queue_length"":""128"",""fpm_total_processes"":""11"",""fpm_active_processes"":""11""}"
1471816475,"{""mysql_table_scans_pct"":0.23866578996078,""mysql_deadlocks"":""0"",""mysql_wait_locks"":""0"",""mysql_current_locks"":""0"",""mysql_total_locks"":""0"",""mysql_lock_time_avg"":""0"",""mysql_lock_time_max"":""0"",""mysql_select_scans"":""10085"",""mysql_sort_scans"":""35164"",""mysql_join_scans"":""325"",""sys_load_avg"":9.88,""sys_memory_used"":2572.6875,""sys_memory_used_buffers"":194.53515625,""sys_memory_used_cache"":855.66796875,""sys_memory_swap_used"":0,""sys_memory_swap_used_cache"":0,""fpm_listen_queue"":""0"",""fpm_listen_queue_length"":""128"",""fpm_total_processes"":""12"",""fpm_active_processes"":""9""}"
1471816480,"{""mysql_table_scans_pct"":0.23858270624737,""mysql_deadlocks"":""0"",""mysql_wait_locks"":""0"",""mysql_current_locks"":""0"",""mysql_total_locks"":""0"",""mysql_lock_time_avg"":""0"",""mysql_lock_time_max"":""0"",""mysql_select_scans"":""10144"",""mysql_sort_scans"":""35387"",""mysql_join_scans"":""327"",""sys_load_avg"":9.57,""sys_memory_used"":2529.1484375,""sys_memory_used_buffers"":194.73046875,""sys_memory_used_cache"":857.296875,""sys_memory_swap_used"":0,""sys_memory_swap_used_cache"":0,""fpm_listen_queue"":""0"",""fpm_listen_queue_length"":""128"",""fpm_total_processes"":""10"",""fpm_active_processes"":""10""}"
1471816485,"{""mysql_table_scans_pct"":0.23844781915119,""mysql_deadlocks"":""0"",""mysql_wait_locks"":""0"",""mysql_current_locks"":""0"",""mysql_total_locks"":""0"",""mysql_lock_time_avg"":""0"",""mysql_lock_time_max"":""0"",""mysql_select_scans"":""10215"",""mysql_sort_scans"":""35681"",""mysql_join_scans"":""329"",""sys_load_avg"":9.76,""sys_memory_used"":2573.0546875,""sys_memory_used_buffers"":194.8515625,""sys_memory_used_cache"":858.86328125,""sys_memory_swap_used"":0,""sys_memory_swap_used_cache"":0,""fpm_listen_queue"":""0"",""fpm_listen_queue_length"":""128"",""fpm_total_processes"":""11"",""fpm_active_processes"":""8""}"
1471816490,"{""mysql_table_scans_pct"":0.23832751923132,""mysql_deadlocks"":""0"",""mysql_wait_locks"":""0"",""mysql_current_locks"":""1"",""mysql_total_locks"":""0"",""mysql_lock_time_avg"":""0"",""mysql_lock_time_max"":""0"",""mysql_select_scans"":""10284"",""mysql_sort_scans"":""35911"",""mysql_join_scans"":""333"",""sys_load_avg"":9.3,""sys_memory_used"":2655.08203125,""sys_memory_used_buffers"":194.96484375,""sys_memory_used_cache"":861.43359375,""sys_memory_swap_used"":0,""sys_memory_swap_used_cache"":0,""fpm_listen_queue"":""0"",""fpm_listen_queue_length"":""128"",""fpm_total_processes"":""14"",""fpm_active_processes"":""10""}"
1471816495,"{""mysql_table_scans_pct"":0.23805479636348,""mysql_deadlocks"":""0"",""mysql_wait_locks"":""0"",""mysql_current_locks"":""0"",""mysql_total_locks"":""0"",""mysql_lock_time_avg"":""0"",""mysql_lock_time_max"":""0"",""mysql_select_scans"":""10366"",""mysql_sort_scans"":""36211"",""mysql_join_scans"":""338"",""sys_load_avg"":8.8,""sys_memory_used"":2593.1484375,""sys_memory_used_buffers"":195.0703125,""sys_memory_used_cache"":862.9765625,""sys_memory_swap_used"":0,""sys_memory_swap_used_cache"":0,""fpm_listen_queue"":""0"",""fpm_listen_queue_length"":""128"",""fpm_total_processes"":""13"",""fpm_active_processes"":""12""}"
1471816500,"{""mysql_table_scans_pct"":0.23803223913911,""mysql_deadlocks"":""0"",""mysql_wait_locks"":""0"",""mysql_current_locks"":""4"",""mysql_total_locks"":""0"",""mysql_lock_time_avg"":""0"",""mysql_lock_time_max"":""0"",""mysql_select_scans"":""10415"",""mysql_sort_scans"":""36329"",""mysql_join_scans"":""341"",""sys_load_avg"":8.81,""sys_memory_used"":2569.2578125,""sys_memory_used_buffers"":195.21484375,""sys_memory_used_cache"":863.72265625,""sys_memory_swap_used"":0,""sys_memory_swap_used_cache"":0,""fpm_listen_queue"":""0"",""fpm_listen_queue_length"":""128"",""fpm_total_processes"":""12"",""fpm_active_processes"":""11""}"
1471816506,"{""mysql_table_scans_pct"":0.237965785236,""mysql_deadlocks"":""0"",""mysql_wait_locks"":""0"",""mysql_current_locks"":""3"",""mysql_total_locks"":""0"",""mysql_lock_time_avg"":""0"",""mysql_lock_time_max"":""0"",""mysql_select_scans"":""10466"",""mysql_sort_scans"":""36496"",""mysql_join_scans"":""343"",""sys_load_avg"":9.15,""sys_memory_used"":2606.26171875,""sys_memory_used_buffers"":195.28515625,""sys_memory_used_cache"":864.6796875,""sys_memory_swap_used"":0,""sys_memory_swap_used_cache"":0,""fpm_listen_queue"":""1"",""fpm_listen_queue_length"":""128"",""fpm_total_processes"":""12"",""fpm_active_processes"":""12""}"
1471816511,"{""mysql_table_scans_pct"":0.23790114567835,""mysql_deadlocks"":""0"",""mysql_wait_locks"":""0"",""mysql_current_locks"":""0"",""mysql_total_locks"":""0"",""mysql_lock_time_avg"":""0"",""mysql_lock_time_max"":""0"",""mysql_select_scans"":""10524"",""mysql_sort_scans"":""36680"",""mysql_join_scans"":""345"",""sys_load_avg"":9.06,""sys_memory_used"":2568.04296875,""sys_memory_used_buffers"":195.34375,""sys_memory_used_cache"":865.63671875,""sys_memory_swap_used"":0,""sys_memory_swap_used_cache"":0,""fpm_listen_queue"":""0"",""fpm_listen_queue_length"":""128"",""fpm_total_processes"":""11"",""fpm_active_processes"":""6""}"
1471816516,"{""mysql_table_scans_pct"":0.23789581022729,""mysql_deadlocks"":""0"",""mysql_wait_locks"":""0"",""mysql_current_locks"":""0"",""mysql_total_locks"":""0"",""mysql_lock_time_avg"":""0"",""mysql_lock_time_max"":""0"",""mysql_select_scans"":""10559"",""mysql_sort_scans"":""36784"",""mysql_join_scans"":""347"",""sys_load_avg"":9.13,""sys_memory_used"":2482.0390625,""sys_memory_used_buffers"":195.41796875,""sys_memory_used_cache"":866.5390625,""sys_memory_swap_used"":0,""sys_memory_swap_used_cache"":0,""fpm_listen_queue"":""0"",""fpm_listen_queue_length"":""128"",""fpm_total_processes"":""8"",""fpm_active_processes"":""5""}"
1471816521,"{""mysql_table_scans_pct"":0.2378782407011,""mysql_deadlocks"":""0"",""mysql_wait_locks"":""0"",""mysql_current_locks"":""0"",""mysql_total_locks"":""0"",""mysql_lock_time_avg"":""0"",""mysql_lock_time_max"":""0"",""mysql_select_scans"":""10591"",""mysql_sort_scans"":""36863"",""mysql_join_scans"":""349"",""sys_load_avg"":8.48,""sys_memory_used"":2384.875,""sys_memory_used_buffers"":195.47265625,""sys_memory_used_cache"":867.47265625,""sys_memory_swap_used"":0,""sys_memory_swap_used_cache"":0,""fpm_listen_queue"":""0"",""fpm_listen_queue_length"":""128"",""fpm_total_processes"":""5"",""fpm_active_processes"":""2""}"
1471816526,"{""mysql_table_scans_pct"":0.23784041376179,""mysql_deadlocks"":""0"",""mysql_wait_locks"":""0"",""mysql_current_locks"":""0"",""mysql_total_locks"":""0"",""mysql_lock_time_avg"":""0"",""mysql_lock_time_max"":""0"",""mysql_select_scans"":""10623"",""mysql_sort_scans"":""36944"",""mysql_join_scans"":""352"",""sys_load_avg"":7.96,""sys_memory_used"":2360.27734375,""sys_memory_used_buffers"":195.53125,""sys_memory_used_cache"":867.84375,""sys_memory_swap_used"":0,""sys_memory_swap_used_cache"":0,""fpm_listen_queue"":""0"",""fpm_listen_queue_length"":""128"",""fpm_total_processes"":""4"",""fpm_active_processes"":""3""}"
1471816531,"{""mysql_table_scans_pct"":0.23787525612786,""mysql_deadlocks"":""0"",""mysql_wait_locks"":""0"",""mysql_current_locks"":""0"",""mysql_total_locks"":""0"",""mysql_lock_time_avg"":""0"",""mysql_lock_time_max"":""0"",""mysql_select_scans"":""10634"",""mysql_sort_scans"":""36966"",""mysql_join_scans"":""352"",""sys_load_avg"":7.32,""sys_memory_used"":2352.109375,""sys_memory_used_buffers"":195.70703125,""sys_memory_used_cache"":868.0859375,""sys_memory_swap_used"":0,""sys_memory_swap_used_cache"":0,""fpm_listen_queue"":""0"",""fpm_listen_queue_length"":""128"",""fpm_total_processes"":""4"",""fpm_active_processes"":""2""}"
1471816536,"{""mysql_table_scans_pct"":0.23790184694132,""mysql_deadlocks"":""0"",""mysql_wait_locks"":""0"",""mysql_current_locks"":""0"",""mysql_total_locks"":""0"",""mysql_lock_time_avg"":""0"",""mysql_lock_time_max"":""0"",""mysql_select_scans"":""10640"",""mysql_sort_scans"":""36966"",""mysql_join_scans"":""352"",""sys_load_avg"":6.82,""sys_memory_used"":2322.625,""sys_memory_used_buffers"":195.890625,""sys_memory_used_cache"":868.03125,""sys_memory_swap_used"":0,""sys_memory_swap_used_cache"":0,""fpm_listen_queue"":""0"",""fpm_listen_queue_length"":""128"",""fpm_total_processes"":""3"",""fpm_active_processes"":""1""}"
1471816541,"{""mysql_table_scans_pct"":0.23792971774043,""mysql_deadlocks"":""0"",""mysql_wait_locks"":""0"",""mysql_current_locks"":""7"",""mysql_total_locks"":""0"",""mysql_lock_time_avg"":""0"",""mysql_lock_time_max"":""0"",""mysql_select_scans"":""10654"",""mysql_sort_scans"":""36966"",""mysql_join_scans"":""352"",""sys_load_avg"":6.27,""sys_memory_used"":2155.63671875,""sys_memory_used_buffers"":231.31640625,""sys_memory_used_cache"":729.01953125,""sys_memory_swap_used"":0,""sys_memory_swap_used_cache"":0,""fpm_listen_queue"":""0"",""fpm_listen_queue_length"":""128"",""fpm_total_processes"":""3"",""fpm_active_processes"":""1""}"
